Brown University Keck/NASA Relab Spectrum LR-CMP-168/BIR2LR168
Wavelength(micron)	Reflectance
1	0.05499
1.0002	0.05499
1.0004	0.05488
1.0006	0.05490
1.0008	0.05492
1.001	0.05499
1.0012	0.05504
1.0014	0.05494
1.0016	0.05480
1.0018	0.05488
1.0019	0.05509
1.0021	0.05519
1.0023	0.05513
1.0025	0.05508
1.0027	0.05517
1.0029	0.05520
1.0031	0.05522
1.0033	0.05519
1.0035	0.05517
1.0037	0.05517
1.0039	0.05521
1.0041	0.05523
1.0043	0.05530
1.0045	0.05531
1.0047	0.05534
1.0049	0.05538
1.005	0.05532
1.0053	0.05528
1.0054	0.05524
1.0056	0.05521
1.0058	0.05534
1.006	0.05553
1.0062	0.05572
1.0064	0.05575
1.0066	0.05566
1.0068	0.05565
1.007	0.05566
1.0072	0.05565
1.0074	0.05568
1.0076	0.05564
1.0078	0.05558
1.008	0.05567
1.0082	0.05576
1.0084	0.05579
1.0086	0.05571
1.0088	0.05563
1.009	0.05575
1.0092	0.05592
1.0094	0.05597
1.0095	0.05591
1.0098	0.05593
1.01	0.05609
1.0101	0.05619
1.0103	0.05609
1.0105	0.05606
1.0107	0.05600
1.0109	0.05602
1.0111	0.05608
1.0113	0.05616
1.0115	0.05617
1.0117	0.05603
1.0119	0.05607
1.0121	0.05617
1.0123	0.05630
1.0125	0.05630
1.0127	0.05629
1.0129	0.05640
1.0131	0.05639
1.0133	0.05629
1.0135	0.05630
1.0137	0.05651
1.0139	0.05666
1.0141	0.05663
1.0143	0.05659
1.0145	0.05658
1.0147	0.05653
1.0149	0.05655
1.0151	0.05670
1.0153	0.05679
1.0155	0.05668
1.0157	0.05670
1.0159	0.05673
1.0161	0.05674
1.0163	0.05685
1.0165	0.05693
1.0167	0.05692
1.0169	0.05697
1.0171	0.05703
1.0173	0.05704
1.0175	0.05699
1.0177	0.05687
1.0179	0.05689
1.0181	0.05701
1.0183	0.05714
1.0185	0.05732
1.0187	0.05748
1.0189	0.05747
1.0191	0.05732
1.0193	0.05726
1.0195	0.05735
1.0197	0.05732
1.0199	0.05729
1.0201	0.05744
1.0203	0.05761
1.0205	0.05760
1.0207	0.05752
1.0209	0.05760
1.0211	0.05785
1.0213	0.05786
1.0215	0.05776
1.0217	0.05778
1.0219	0.05777
1.0221	0.05768
1.0223	0.05762
1.0225	0.05773
1.0227	0.05786
1.0229	0.05795
1.0231	0.05792
1.0233	0.05804
1.0235	0.05814
1.0237	0.05810
1.0239	0.05804
1.0241	0.05808
1.0243	0.05812
1.0245	0.05824
1.0247	0.05830
1.0249	0.05826
1.0251	0.05840
1.0253	0.05854
1.0255	0.05859
1.0257	0.05857
1.0259	0.05860
1.0261	0.05856
1.0263	0.05865
1.0265	0.05868
1.0268	0.05864
1.0269	0.05875
1.0272	0.05888
1.0274	0.05876
1.0276	0.05873
1.0278	0.05888
1.028	0.05896
1.0282	0.05901
1.0284	0.05900
1.0286	0.05901
1.0288	0.05910
1.029	0.05927
1.0292	0.05928
1.0294	0.05929
1.0296	0.05938
1.0298	0.05938
1.03	0.05934
1.0302	0.05948
1.0304	0.05965
1.0306	0.05955
1.0308	0.05953
1.031	0.05967
1.0312	0.05966
1.0314	0.05981
1.0317	0.05996
1.0318	0.05995
1.0321	0.05984
1.0323	0.05987
1.0325	0.05999
1.0327	0.05999
1.0329	0.06005
1.0331	0.06013
1.0333	0.06011
1.0335	0.06011
1.0337	0.06017
1.0339	0.06023
1.0341	0.06029
1.0343	0.06031
1.0345	0.06038
1.0347	0.06046
1.0349	0.06042
1.0352	0.06053
1.0354	0.06074
1.0356	0.06080
1.0358	0.06077
1.036	0.06080
1.0362	0.06079
1.0364	0.06091
1.0366	0.06096
1.0368	0.06096
1.037	0.06101
1.0372	0.06115
1.0374	0.06113
1.0376	0.06105
1.0378	0.06125
1.0381	0.06143
1.0383	0.06148
1.0385	0.06139
1.0387	0.06139
1.0389	0.06159
1.0391	0.06167
1.0393	0.06166
1.0395	0.06161
1.0397	0.06170
1.0399	0.06173
1.0401	0.06173
1.0403	0.06182
1.0406	0.06207
1.0408	0.06213
1.041	0.06209
1.0412	0.06212
1.0414	0.06230
1.0416	0.06237
1.0418	0.06239
1.042	0.06241
1.0422	0.06245
1.0424	0.06248
1.0426	0.06254
1.0428	0.06265
1.0431	0.06259
1.0433	0.06267
1.0435	0.06280
1.0437	0.06278
1.0439	0.06280
1.0441	0.06289
1.0443	0.06303
1.0445	0.06319
1.0447	0.06335
1.045	0.06341
1.0452	0.06336
1.0454	0.06337
1.0456	0.06346
1.0458	0.06346
1.046	0.06353
1.0462	0.06347
1.0464	0.06358
1.0466	0.06379
1.0468	0.06386
1.0471	0.06392
1.0473	0.06400
1.0475	0.06405
1.0477	0.06413
1.0479	0.06417
1.0481	0.06430
1.0483	0.06441
1.0486	0.06438
1.0488	0.06440
1.049	0.06450
1.0492	0.06459
1.0494	0.06460
1.0496	0.06470
1.0498	0.06483
1.05	0.06497
1.0503	0.06509
1.0505	0.06504
1.0507	0.06507
1.0509	0.06512
1.0511	0.06518
1.0513	0.06541
1.0515	0.06547
1.0517	0.06546
1.0519	0.06557
1.0522	0.06571
1.0524	0.06576
1.0526	0.06590
1.0528	0.06601
1.053	0.06602
1.0532	0.06603
1.0534	0.06609
1.0537	0.06626
1.0539	0.06626
1.0541	0.06625
1.0543	0.06635
1.0545	0.06642
1.0547	0.06645
1.0549	0.06660
1.0552	0.06673
1.0554	0.06682
1.0556	0.06693
1.0558	0.06707
1.056	0.06723
1.0562	0.06728
1.0564	0.06724
1.0567	0.06723
1.0569	0.06731
1.0571	0.06742
1.0573	0.06746
1.0575	0.06760
1.0578	0.06775
1.058	0.06784
1.0582	0.06794
1.0584	0.06809
1.0586	0.06815
1.0588	0.06807
1.059	0.06806
1.0593	0.06820
1.0595	0.06845
1.0597	0.06856
1.0599	0.06851
1.0601	0.06860
1.0603	0.06876
1.0606	0.06890
1.0608	0.06896
1.061	0.06898
1.0612	0.06913
1.0614	0.06930
1.0616	0.06944
1.0619	0.06954
1.0621	0.06955
1.0623	0.06964
1.0625	0.06985
1.0627	0.06996
1.0629	0.07000
1.0632	0.06999
1.0634	0.07004
1.0636	0.07015
1.0638	0.07021
1.064	0.07028
1.0643	0.07043
1.0645	0.07054
1.0647	0.07059
1.0649	0.07064
1.0651	0.07075
1.0653	0.07092
1.0656	0.07100
1.0658	0.07102
1.066	0.07112
1.0662	0.07128
1.0664	0.07150
1.0667	0.07158
1.0669	0.07165
1.0671	0.07170
1.0673	0.07180
1.0676	0.07186
1.0678	0.07194
1.068	0.07212
1.0682	0.07217
1.0684	0.07221
1.0687	0.07229
1.0689	0.07255
1.0691	0.07277
1.0693	0.07277
1.0695	0.07280
1.0698	0.07297
1.07	0.07314
1.0702	0.07321
1.0704	0.07328
1.0706	0.07335
1.0708	0.07342
1.0711	0.07359
1.0713	0.07370
1.0715	0.07378
1.0717	0.07404
1.072	0.07422
1.0722	0.07426
1.0724	0.07436
1.0726	0.07444
1.0728	0.07444
1.0731	0.07455
1.0733	0.07468
1.0735	0.07483
1.0737	0.07497
1.074	0.07503
1.0742	0.07516
1.0744	0.07534
1.0746	0.07555
1.0748	0.07567
1.0751	0.07573
1.0753	0.07577
1.0755	0.07586
1.0757	0.07598
1.076	0.07609
1.0762	0.07624
1.0764	0.07642
1.0766	0.07657
1.0769	0.07660
1.0771	0.07670
1.0773	0.07677
1.0775	0.07686
1.0778	0.07712
1.078	0.07724
1.0782	0.07733
1.0784	0.07752
1.0787	0.07762
1.0789	0.07768
1.0791	0.07788
1.0793	0.07805
1.0796	0.07812
1.0798	0.07817
1.08	0.07828
1.0802	0.07854
1.0804	0.07873
1.0807	0.07879
1.0809	0.07892
1.0811	0.07903
1.0813	0.07919
1.0816	0.07929
1.0818	0.07941
1.082	0.07964
1.0823	0.07978
1.0825	0.07985
1.0827	0.07988
1.0829	0.08003
1.0832	0.08024
1.0834	0.08033
1.0836	0.08046
1.0838	0.08068
1.0841	0.08088
1.0843	0.08098
1.0845	0.08101
1.0847	0.08111
1.085	0.08131
1.0852	0.08144
1.0854	0.08153
1.0857	0.08169
1.0859	0.08180
1.0861	0.08193
1.0863	0.08212
1.0866	0.08229
1.0868	0.08239
1.087	0.08251
1.0873	0.08268
1.0875	0.08287
1.0877	0.08300
1.0879	0.08314
1.0882	0.08331
1.0884	0.08340
1.0886	0.08355
1.0888	0.08375
1.0891	0.08388
1.0893	0.08388
1.0895	0.08396
1.0898	0.08422
1.09	0.08446
1.0902	0.08465
1.0904	0.08480
1.0907	0.08495
1.0909	0.08498
1.0911	0.08508
1.0914	0.08534
1.0916	0.08546
1.0918	0.08559
1.0921	0.08577
1.0923	0.08592
1.0925	0.08608
1.0928	0.08624
1.093	0.08636
1.0932	0.08662
1.0934	0.08677
1.0937	0.08688
1.0939	0.08703
1.0941	0.08714
1.0944	0.08729
1.0946	0.08746
1.0948	0.08763
1.0951	0.08783
1.0953	0.08802
1.0955	0.08821
1.0958	0.08840
1.096	0.08857
1.0962	0.08860
1.0964	0.08872
1.0967	0.08897
1.0969	0.08912
1.0971	0.08919
1.0974	0.08934
1.0976	0.08950
1.0978	0.08971
1.0981	0.08983
1.0983	0.08996
1.0985	0.09016
1.0988	0.09039
1.099	0.09064
1.0992	0.09078
1.0995	0.09081
1.0997	0.09094
1.0999	0.09119
1.1002	0.09135
1.1004	0.09152
1.1006	0.09168
1.1009	0.09178
1.1011	0.09200
1.1013	0.09217
1.1016	0.09228
1.1018	0.09250
1.102	0.09271
1.1023	0.09287
1.1025	0.09304
1.1027	0.09321
1.103	0.09338
1.1032	0.09352
1.1034	0.09369
1.1037	0.09390
1.1039	0.09405
1.1042	0.09418
1.1044	0.09438
1.1046	0.09463
1.1048	0.09481
1.1051	0.09494
1.1053	0.09514
1.1056	0.09536
1.1058	0.09550
1.106	0.09566
1.1063	0.09578
1.1065	0.09590
1.1067	0.09615
1.107	0.09637
1.1072	0.09653
1.1074	0.09672
1.1077	0.09692
1.1079	0.09703
1.1082	0.09718
1.1084	0.09735
1.1086	0.09753
1.1089	0.09776
1.1091	0.09795
1.1093	0.09813
1.1096	0.09835
1.1098	0.09853
1.1101	0.09869
1.1103	0.09885
1.1105	0.09909
1.1108	0.09928
1.111	0.09940
1.1113	0.09957
1.1115	0.09981
1.1117	0.09997
1.112	0.10019
1.1122	0.10038
1.1124	0.10041
1.1127	0.10052
1.1129	0.10080
1.1132	0.10109
1.1134	0.10131
1.1136	0.10150
1.1139	0.10166
1.1141	0.10179
1.1143	0.10203
1.1146	0.10228
1.1148	0.10251
1.1151	0.10269
1.1153	0.10274
1.1156	0.10282
1.1158	0.10299
1.116	0.10323
1.1163	0.10348
1.1165	0.10373
1.1168	0.10391
1.117	0.10406
1.1172	0.10431
1.1175	0.10452
1.1177	0.10462
1.118	0.10482
1.1182	0.10509
1.1184	0.10533
1.1187	0.10546
1.1189	0.10551
1.1192	0.10572
1.1194	0.10600
1.1197	0.10614
1.1199	0.10631
1.1201	0.10648
1.1204	0.10665
1.1206	0.10695
1.1209	0.10718
1.1211	0.10731
1.1213	0.10750
1.1216	0.10766
1.1218	0.10782
1.1221	0.10812
1.1223	0.10834
1.1226	0.10849
1.1228	0.10862
1.123	0.10881
1.1233	0.10905
1.1235	0.10923
1.1238	0.10940
1.124	0.10966
1.1243	0.10983
1.1245	0.10992
1.1248	0.11013
1.125	0.11040
1.1252	0.11049
1.1255	0.11066
1.1257	0.11095
1.126	0.11116
1.1262	0.11136
1.1265	0.11161
1.1267	0.11179
1.1269	0.11198
1.1272	0.11213
1.1274	0.11233
1.1277	0.11259
1.1279	0.11273
1.1282	0.11295
1.1284	0.11316
1.1287	0.11336
1.1289	0.11358
1.1292	0.11370
1.1294	0.11389
1.1297	0.11411
1.1299	0.11429
1.1301	0.11445
1.1304	0.11461
1.1306	0.11471
1.1309	0.11491
1.1311	0.11525
1.1314	0.11552
1.1316	0.11565
1.1319	0.11580
1.1321	0.11604
1.1324	0.11628
1.1326	0.11646
1.1329	0.11667
1.1331	0.11683
1.1333	0.11695
1.1336	0.11714
1.1338	0.11739
1.1341	0.11758
1.1343	0.11774
1.1346	0.11797
1.1348	0.11821
1.1351	0.11842
1.1353	0.11859
1.1356	0.11871
1.1358	0.11882
1.1361	0.11905
1.1363	0.11932
1.1366	0.11947
1.1368	0.11969
1.1371	0.11999
1.1373	0.12016
1.1376	0.12028
1.1378	0.12046
1.1381	0.12066
1.1383	0.12079
1.1386	0.12097
1.1388	0.12120
1.1391	0.12142
1.1393	0.12153
1.1396	0.12170
1.1398	0.12189
1.1401	0.12210
1.1403	0.12234
1.1406	0.12254
1.1408	0.12278
1.1411	0.12298
1.1413	0.12313
1.1416	0.12332
1.1418	0.12351
1.1421	0.12369
1.1423	0.12385
1.1426	0.12403
1.1428	0.12425
1.1431	0.12440
1.1433	0.12458
1.1436	0.12479
1.1438	0.12499
1.1441	0.12524
1.1444	0.12546
1.1446	0.12563
1.1449	0.12581
1.1451	0.12603
1.1454	0.12626
1.1456	0.12640
1.1459	0.12653
1.1461	0.12668
1.1464	0.12690
1.1466	0.12711
1.1469	0.12723
1.1471	0.12745
1.1474	0.12769
1.1477	0.12786
1.1479	0.12806
1.1482	0.12822
1.1484	0.12836
1.1487	0.12851
1.1489	0.12874
1.1492	0.12897
1.1494	0.12918
1.1497	0.12935
1.1499	0.12944
1.1502	0.12961
1.1504	0.12992
1.1507	0.13016
1.151	0.13033
1.1512	0.13047
1.1515	0.13061
1.1517	0.13083
1.152	0.13107
1.1522	0.13125
1.1525	0.13134
1.1528	0.13152
1.153	0.13177
1.1533	0.13194
1.1535	0.13206
1.1538	0.13227
1.154	0.13242
1.1543	0.13253
1.1546	0.13263
1.1548	0.13287
1.1551	0.13314
1.1553	0.13333
1.1556	0.13351
1.1558	0.13370
1.1561	0.13384
1.1564	0.13401
1.1566	0.13421
1.1569	0.13436
1.1571	0.13455
1.1574	0.13476
1.1577	0.13492
1.1579	0.13501
1.1582	0.13518
1.1584	0.13539
1.1587	0.13556
1.1589	0.13572
1.1592	0.13592
1.1595	0.13614
1.1597	0.13633
1.16	0.13645
1.1602	0.13656
1.1605	0.13671
1.1608	0.13688
1.161	0.13706
1.1613	0.13725
1.1615	0.13739
1.1618	0.13754
1.1621	0.13776
1.1623	0.13792
1.1626	0.13803
1.1628	0.13829
1.1631	0.13851
1.1634	0.13862
1.1636	0.13873
1.1639	0.13890
1.1641	0.13915
1.1644	0.13930
1.1647	0.13941
1.1649	0.13958
1.1652	0.13974
1.1654	0.13989
1.1657	0.14005
1.166	0.14021
1.1662	0.14043
1.1665	0.14065
1.1668	0.14075
1.167	0.14089
1.1673	0.14111
1.1676	0.14124
1.1678	0.14139
1.1681	0.14159
1.1683	0.14168
1.1686	0.14176
1.1689	0.14191
1.1691	0.14211
1.1694	0.14226
1.1697	0.14241
1.1699	0.14258
1.1702	0.14277
1.1704	0.14294
1.1707	0.14310
1.171	0.14325
1.1712	0.14335
1.1715	0.14347
1.1718	0.14367
1.172	0.14384
1.1723	0.14393
1.1726	0.14408
1.1728	0.14423
1.1731	0.14434
1.1734	0.14455
1.1736	0.14476
1.1739	0.14483
1.1742	0.14493
1.1744	0.14515
1.1747	0.14540
1.175	0.14548
1.1752	0.14558
1.1755	0.14577
1.1758	0.14595
1.176	0.14604
1.1763	0.14614
1.1766	0.14633
1.1768	0.14651
1.1771	0.14666
1.1774	0.14679
1.1776	0.14687
1.1779	0.14702
1.1782	0.14719
1.1784	0.14735
1.1787	0.14751
1.179	0.14767
1.1792	0.14783
1.1795	0.14797
1.1798	0.14807
1.18	0.14815
1.1803	0.14825
1.1806	0.14843
1.1808	0.14859
1.1811	0.14870
1.1814	0.14887
1.1817	0.14907
1.1819	0.14917
1.1822	0.14927
1.1825	0.14943
1.1827	0.14952
1.183	0.14964
1.1833	0.14979
1.1835	0.14989
1.1838	0.15004
1.1841	0.15017
1.1843	0.15027
1.1846	0.15041
1.1849	0.15058
1.1852	0.15073
1.1854	0.15093
1.1857	0.15103
1.186	0.15109
1.1863	0.15122
1.1865	0.15140
1.1868	0.15150
1.1871	0.15164
1.1873	0.15185
1.1876	0.15198
1.1879	0.15202
1.1882	0.15210
1.1884	0.15227
1.1887	0.15245
1.189	0.15256
1.1892	0.15272
1.1895	0.15284
1.1898	0.15287
1.1901	0.15307
1.1903	0.15326
1.1906	0.15338
1.1909	0.15343
1.1912	0.15351
1.1914	0.15367
1.1917	0.15383
1.192	0.15392
1.1923	0.15406
1.1925	0.15421
1.1928	0.15429
1.1931	0.15438
1.1933	0.15451
1.1936	0.15462
1.1939	0.15477
1.1942	0.15493
1.1944	0.15502
1.1947	0.15514
1.195	0.15527
1.1953	0.15539
1.1956	0.15554
1.1958	0.15561
1.1961	0.15568
1.1964	0.15583
1.1967	0.15598
1.1969	0.15610
1.1972	0.15613
1.1975	0.15619
1.1978	0.15635
1.198	0.15654
1.1983	0.15668
1.1986	0.15677
1.1989	0.15692
1.1992	0.15699
1.1994	0.15709
1.1997	0.15722
1.2	0.15728
1.2003	0.15735
1.2005	0.15747
1.2008	0.15763
1.2011	0.15775
1.2014	0.15781
1.2017	0.15796
1.2019	0.15817
1.2022	0.15827
1.2025	0.15827
1.2028	0.15835
1.203	0.15850
1.2033	0.15865
1.2036	0.15883
1.2039	0.15894
1.2042	0.15904
1.2044	0.15915
1.2047	0.15924
1.205	0.15936
1.2053	0.15946
1.2056	0.15958
1.2058	0.15969
1.2061	0.15976
1.2064	0.15982
1.2067	0.15992
1.207	0.16002
1.2072	0.16017
1.2075	0.16030
1.2078	0.16041
1.2081	0.16053
1.2084	0.16058
1.2087	0.16066
1.2089	0.16081
1.2092	0.16093
1.2095	0.16105
1.2098	0.16112
1.2101	0.16120
1.2103	0.16134
1.2106	0.16147
1.2109	0.16154
1.2112	0.16159
1.2115	0.16170
1.2118	0.16188
1.212	0.16200
1.2123	0.16196
1.2126	0.16198
1.2129	0.16216
1.2132	0.16232
1.2135	0.16246
1.2137	0.16256
1.214	0.16267
1.2143	0.16276
1.2146	0.16287
1.2149	0.16294
1.2152	0.16303
1.2154	0.16315
1.2157	0.16326
1.216	0.16333
1.2163	0.16341
1.2166	0.16352
1.2169	0.16363
1.2172	0.16373
1.2174	0.16378
1.2177	0.16392
1.218	0.16411
1.2183	0.16417
1.2186	0.16419
1.2189	0.16426
1.2192	0.16436
1.2194	0.16446
1.2197	0.16457
1.22	0.16468
1.2203	0.16475
1.2206	0.16480
1.2209	0.16497
1.2212	0.16514
1.2215	0.16522
1.2218	0.16525
1.222	0.16533
1.2223	0.16543
1.2226	0.16548
1.2229	0.16558
1.2232	0.16573
1.2235	0.16585
1.2238	0.16594
1.2241	0.16609
1.2243	0.16620
1.2246	0.16624
1.2249	0.16631
1.2252	0.16641
1.2255	0.16651
1.2258	0.16667
1.2261	0.16674
1.2264	0.16677
1.2267	0.16684
1.227	0.16692
1.2273	0.16700
1.2275	0.16711
1.2278	0.16724
1.2281	0.16733
1.2284	0.16747
1.2287	0.16755
1.229	0.16764
1.2293	0.16781
1.2296	0.16792
1.2299	0.16796
1.2302	0.16801
1.2304	0.16811
1.2307	0.16817
1.231	0.16828
1.2313	0.16845
1.2316	0.16850
1.2319	0.16857
1.2322	0.16862
1.2325	0.16871
1.2328	0.16888
1.2331	0.16895
1.2334	0.16896
1.2337	0.16902
1.234	0.16910
1.2343	0.16918
1.2346	0.16930
1.2348	0.16942
1.2351	0.16956
1.2354	0.16968
1.2357	0.16978
1.236	0.16991
1.2363	0.16998
1.2366	0.17002
1.2369	0.17014
1.2372	0.17026
1.2375	0.17037
1.2378	0.17043
1.2381	0.17046
1.2384	0.17053
1.2387	0.17067
1.239	0.17077
1.2393	0.17082
1.2396	0.17090
1.2399	0.17096
1.2402	0.17108
1.2405	0.17120
1.2408	0.17128
1.2411	0.17139
1.2413	0.17145
1.2417	0.17154
1.2419	0.17163
1.2422	0.17176
1.2425	0.17186
1.2428	0.17196
1.2431	0.17205
1.2434	0.17210
1.2437	0.17218
1.244	0.17231
1.2443	0.17244
1.2446	0.17250
1.2449	0.17254
1.2452	0.17263
1.2455	0.17269
1.2458	0.17280
1.2461	0.17295
1.2464	0.17304
1.2467	0.17310
1.247	0.17324
1.2473	0.17339
1.2476	0.17343
1.2479	0.17348
1.2482	0.17357
1.2485	0.17369
1.2488	0.17380
1.2491	0.17386
1.2494	0.17394
1.2497	0.17406
1.25	0.17417
1.2503	0.17426
1.2506	0.17436
1.2509	0.17444
1.2512	0.17455
1.2515	0.17460
1.2518	0.17466
1.2521	0.17477
1.2524	0.17487
1.2528	0.17496
1.2531	0.17506
1.2533	0.17515
1.2537	0.17525
1.254	0.17531
1.2543	0.17539
1.2546	0.17549
1.2549	0.17561
1.2552	0.17570
1.2555	0.17577
1.2558	0.17587
1.2561	0.17600
1.2564	0.17609
1.2567	0.17615
1.257	0.17621
1.2573	0.17630
1.2576	0.17639
1.2579	0.17651
1.2582	0.17663
1.2585	0.17669
1.2588	0.17675
1.2591	0.17687
1.2594	0.17696
1.2598	0.17703
1.2601	0.17710
1.2604	0.17723
1.2607	0.17737
1.261	0.17750
1.2613	0.17759
1.2616	0.17759
1.2619	0.17764
1.2622	0.17776
1.2625	0.17790
1.2628	0.17801
1.2631	0.17814
1.2634	0.17817
1.2637	0.17826
1.2641	0.17840
1.2644	0.17848
1.2647	0.17851
1.265	0.17859
1.2653	0.17871
1.2656	0.17882
1.2659	0.17889
1.2662	0.17895
1.2665	0.17907
1.2668	0.17919
1.2671	0.17930
1.2674	0.17938
1.2678	0.17950
1.2681	0.17958
1.2684	0.17969
1.2687	0.17985
1.269	0.17995
1.2693	0.17998
1.2696	0.18006
1.2699	0.18016
1.2702	0.18023
1.2706	0.18032
1.2709	0.18041
1.2712	0.18048
1.2715	0.18060
1.2718	0.18074
1.2721	0.18083
1.2724	0.18092
1.2727	0.18105
1.2731	0.18120
1.2734	0.18128
1.2737	0.18131
1.274	0.18135
1.2743	0.18149
1.2746	0.18161
1.2749	0.18169
1.2752	0.18177
1.2756	0.18189
1.2759	0.18205
1.2762	0.18216
1.2765	0.18224
1.2768	0.18230
1.2771	0.18231
1.2774	0.18239
1.2778	0.18248
1.2781	0.18256
1.2784	0.18270
1.2787	0.18288
1.279	0.18298
1.2793	0.18311
1.2797	0.18324
1.28	0.18326
1.2803	0.18335
1.2806	0.18343
1.2809	0.18351
1.2812	0.18363
1.2815	0.18374
1.2819	0.18384
1.2822	0.18396
1.2825	0.18404
1.2828	0.18406
1.2831	0.18415
1.2834	0.18431
1.2838	0.18444
1.2841	0.18455
1.2844	0.18462
1.2847	0.18470
1.285	0.18483
1.2854	0.18491
1.2857	0.18503
1.286	0.18516
1.2863	0.18524
1.2866	0.18530
1.2869	0.18540
1.2873	0.18552
1.2876	0.18564
1.2879	0.18574
1.2882	0.18581
1.2886	0.18590
1.2889	0.18602
1.2892	0.18612
1.2895	0.18620
1.2898	0.18626
1.2902	0.18636
1.2905	0.18644
1.2908	0.18654
1.2911	0.18667
1.2914	0.18679
1.2918	0.18683
1.2921	0.18696
1.2924	0.18712
1.2927	0.18723
1.2931	0.18735
1.2934	0.18746
1.2937	0.18756
1.294	0.18766
1.2943	0.18779
1.2947	0.18789
1.295	0.18796
1.2953	0.18805
1.2956	0.18824
1.296	0.18836
1.2963	0.18835
1.2966	0.18839
1.2969	0.18853
1.2973	0.18873
1.2976	0.18885
1.2979	0.18886
1.2982	0.18893
1.2986	0.18909
1.2989	0.18919
1.2992	0.18928
1.2995	0.18940
1.2999	0.18950
1.3002	0.18960
1.3005	0.18971
1.3008	0.18980
1.3012	0.18987
1.3015	0.18996
1.3018	0.19006
1.3021	0.19017
1.3025	0.19030
1.3028	0.19043
1.3031	0.19055
1.3034	0.19067
1.3038	0.19080
1.3041	0.19088
1.3044	0.19094
1.3048	0.19108
1.3051	0.19120
1.3054	0.19127
1.3058	0.19137
1.3061	0.19146
1.3064	0.19157
1.3067	0.19171
1.3071	0.19183
1.3074	0.19189
1.3077	0.19195
1.3081	0.19212
1.3084	0.19226
1.3087	0.19236
1.3091	0.19242
1.3094	0.19252
1.3097	0.19264
1.31	0.19279
1.3104	0.19291
1.3107	0.19298
1.311	0.19309
1.3114	0.19319
1.3117	0.19329
1.312	0.19339
1.3124	0.19348
1.3127	0.19360
1.313	0.19376
1.3134	0.19384
1.3137	0.19394
1.314	0.19407
1.3144	0.19417
1.3147	0.19429
1.315	0.19442
1.3154	0.19452
1.3157	0.19459
1.316	0.19470
1.3164	0.19481
1.3167	0.19493
1.317	0.19503
1.3174	0.19519
1.3177	0.19532
1.318	0.19537
1.3184	0.19544
1.3187	0.19557
1.319	0.19569
1.3194	0.19579
1.3197	0.19588
1.3201	0.19599
1.3204	0.19608
1.3207	0.19621
1.3211	0.19635
1.3214	0.19644
1.3217	0.19652
1.3221	0.19665
1.3224	0.19678
1.3227	0.19685
1.3231	0.19702
1.3234	0.19719
1.3238	0.19725
1.3241	0.19737
1.3244	0.19750
1.3248	0.19760
1.3251	0.19772
1.3254	0.19780
1.3258	0.19788
1.3261	0.19800
1.3265	0.19815
1.3268	0.19825
1.3271	0.19835
1.3275	0.19847
1.3278	0.19860
1.3282	0.19870
1.3285	0.19880
1.3288	0.19891
1.3292	0.19901
1.3295	0.19909
1.3299	0.19925
1.3302	0.19940
1.3306	0.19952
1.3309	0.19960
1.3312	0.19966
1.3316	0.19976
1.3319	0.19991
1.3323	0.20005
1.3326	0.20014
1.3329	0.20027
1.3333	0.20036
1.3336	0.20042
1.334	0.20053
1.3343	0.20067
1.3347	0.20079
1.335	0.20089
1.3353	0.20100
1.3357	0.20111
1.336	0.20125
1.3364	0.20142
1.3367	0.20153
1.3371	0.20164
1.3374	0.20178
1.3378	0.20184
1.3381	0.20192
1.3384	0.20206
1.3388	0.20215
1.3391	0.20224
1.3395	0.20236
1.3398	0.20252
1.3402	0.20267
1.3405	0.20274
1.3409	0.20280
1.3412	0.20294
1.3416	0.20306
1.3419	0.20315
1.3423	0.20330
1.3426	0.20341
1.3429	0.20354
1.3433	0.20365
1.3437	0.20373
1.344	0.20388
1.3443	0.20401
1.3447	0.20412
1.345	0.20425
1.3454	0.20433
1.3457	0.20441
1.3461	0.20450
1.3464	0.20461
1.3468	0.20475
1.3471	0.20488
1.3475	0.20505
1.3478	0.20516
1.3482	0.20520
1.3485	0.20535
1.3489	0.20550
1.3492	0.20560
1.3496	0.20572
1.3499	0.20580
1.3503	0.20590
1.3507	0.20603
1.351	0.20615
1.3513	0.20628
1.3517	0.20641
1.3521	0.20649
1.3524	0.20655
1.3528	0.20667
1.3531	0.20679
1.3535	0.20690
1.3538	0.20704
1.3542	0.20718
1.3545	0.20725
1.3549	0.20736
1.3552	0.20751
1.3556	0.20764
1.3559	0.20774
1.3563	0.20787
1.3567	0.20797
1.357	0.20803
1.3574	0.20813
1.3577	0.20827
1.3581	0.20837
1.3584	0.20848
1.3588	0.20862
1.3592	0.20873
1.3595	0.20883
1.3599	0.20894
1.3602	0.20907
1.3606	0.20921
1.3609	0.20930
1.3613	0.20941
1.3617	0.20957
1.362	0.20967
1.3624	0.20974
1.3627	0.20990
1.3631	0.21004
1.3634	0.21015
1.3638	0.21024
1.3642	0.21031
1.3645	0.21041
1.3649	0.21055
1.3652	0.21068
1.3656	0.21076
1.3659	0.21088
1.3663	0.21102
1.3667	0.21111
1.367	0.21121
1.3674	0.21130
1.3678	0.21141
1.3681	0.21153
1.3685	0.21166
1.3688	0.21177
1.3692	0.21188
1.3696	0.21201
1.3699	0.21215
1.3703	0.21227
1.3706	0.21237
1.371	0.21246
1.3714	0.21255
1.3717	0.21266
1.3721	0.21275
1.3725	0.21287
1.3728	0.21297
1.3732	0.21307
1.3736	0.21320
1.3739	0.21332
1.3743	0.21344
1.3746	0.21352
1.375	0.21364
1.3754	0.21376
1.3757	0.21386
1.3761	0.21396
1.3765	0.21411
1.3768	0.21423
1.3772	0.21432
1.3776	0.21442
1.3779	0.21454
1.3783	0.21466
1.3787	0.21478
1.379	0.21483
1.3794	0.21497
1.3798	0.21513
1.3801	0.21522
1.3805	0.21531
1.3809	0.21542
1.3812	0.21556
1.3816	0.21569
1.382	0.21576
1.3823	0.21578
1.3827	0.21588
1.3831	0.21607
1.3834	0.21618
1.3838	0.21624
1.3842	0.21634
1.3846	0.21647
1.3849	0.21659
1.3853	0.21673
1.3857	0.21685
1.386	0.21692
1.3864	0.21704
1.3868	0.21717
1.3872	0.21729
1.3875	0.21740
1.3879	0.21745
1.3883	0.21759
1.3886	0.21772
1.389	0.21783
1.3894	0.21791
1.3898	0.21800
1.3901	0.21807
1.3905	0.21815
1.3909	0.21816
1.3912	0.21807
1.3916	0.21805
1.392	0.21821
1.3924	0.21842
1.3927	0.21862
1.3931	0.21881
1.3935	0.21898
1.3939	0.21909
1.3942	0.21916
1.3946	0.21927
1.395	0.21940
1.3954	0.21949
1.3957	0.21958
1.3961	0.21970
1.3965	0.21979
1.3969	0.21988
1.3972	0.22003
1.3976	0.22014
1.398	0.22026
1.3984	0.22037
1.3988	0.22047
1.3991	0.22058
1.3995	0.22065
1.3999	0.22075
1.4003	0.22087
1.4006	0.22100
1.401	0.22106
1.4014	0.22113
1.4018	0.22125
1.4022	0.22136
1.4025	0.22141
1.4029	0.22151
1.4033	0.22162
1.4037	0.22175
1.4041	0.22188
1.4044	0.22195
1.4048	0.22203
1.4052	0.22211
1.4056	0.22223
1.4059	0.22233
1.4063	0.22240
1.4067	0.22248
1.4071	0.22258
1.4075	0.22266
1.4079	0.22274
1.4083	0.22286
1.4086	0.22293
1.409	0.22303
1.4094	0.22314
1.4098	0.22320
1.4102	0.22331
1.4105	0.22345
1.4109	0.22356
1.4113	0.22363
1.4117	0.22370
1.4121	0.22379
1.4125	0.22391
1.4128	0.22399
1.4132	0.22407
1.4136	0.22416
1.414	0.22424
1.4144	0.22433
1.4148	0.22444
1.4152	0.22451
1.4156	0.22462
1.4159	0.22469
1.4163	0.22477
1.4167	0.22490
1.4171	0.22502
1.4175	0.22510
1.4179	0.22513
1.4183	0.22521
1.4187	0.22529
1.419	0.22540
1.4194	0.22550
1.4198	0.22554
1.4202	0.22561
1.4206	0.22569
1.421	0.22576
1.4214	0.22590
1.4218	0.22604
1.4222	0.22610
1.4225	0.22612
1.4229	0.22617
1.4233	0.22627
1.4237	0.22639
1.4241	0.22650
1.4245	0.22660
1.4249	0.22667
1.4253	0.22674
1.4257	0.22682
1.4261	0.22688
1.4264	0.22696
1.4268	0.22703
1.4272	0.22714
1.4276	0.22724
1.428	0.22728
1.4284	0.22734
1.4288	0.22742
1.4292	0.22749
1.4296	0.22757
1.43	0.22766
1.4304	0.22773
1.4308	0.22780
1.4312	0.22787
1.4316	0.22796
1.432	0.22808
1.4324	0.22819
1.4328	0.22823
1.4332	0.22824
1.4336	0.22831
1.4339	0.22839
1.4343	0.22847
1.4347	0.22857
1.4351	0.22864
1.4355	0.22863
1.4359	0.22872
1.4363	0.22885
1.4367	0.22889
1.4371	0.22893
1.4375	0.22904
1.4379	0.22912
1.4383	0.22919
1.4387	0.22924
1.4391	0.22927
1.4395	0.22935
1.4399	0.22944
1.4403	0.22953
1.4407	0.22953
1.4411	0.22956
1.4415	0.22967
1.4419	0.22976
1.4423	0.22980
1.4427	0.22984
1.4431	0.22995
1.4435	0.23004
1.4439	0.23007
1.4443	0.23012
1.4447	0.23025
1.4451	0.23027
1.4455	0.23030
1.4459	0.23037
1.4463	0.23042
1.4468	0.23049
1.4472	0.23057
1.4476	0.23067
1.448	0.23074
1.4484	0.23072
1.4488	0.23075
1.4492	0.23084
1.4496	0.23090
1.45	0.23096
1.4504	0.23103
1.4508	0.23109
1.4512	0.23114
1.4516	0.23117
1.452	0.23121
1.4524	0.23126
1.4528	0.23133
1.4532	0.23140
1.4537	0.23147
1.4541	0.23152
1.4545	0.23154
1.4549	0.23156
1.4553	0.23160
1.4557	0.23169
1.4561	0.23175
1.4565	0.23179
1.4569	0.23184
1.4573	0.23186
1.4577	0.23190
1.4582	0.23197
1.4586	0.23203
1.459	0.23208
1.4594	0.23214
1.4598	0.23217
1.4602	0.23214
1.4606	0.23217
1.461	0.23225
1.4614	0.23231
1.4618	0.23237
1.4623	0.23241
1.4627	0.23244
1.4631	0.23248
1.4635	0.23251
1.4639	0.23253
1.4643	0.23257
1.4647	0.23260
1.4652	0.23264
1.4656	0.23271
1.466	0.23274
1.4664	0.23272
1.4668	0.23273
1.4672	0.23277
1.4676	0.23281
1.4681	0.23284
1.4685	0.23288
1.4689	0.23293
1.4693	0.23293
1.4697	0.23291
1.4701	0.23296
1.4706	0.23306
1.471	0.23309
1.4714	0.23308
1.4718	0.23312
1.4722	0.23316
1.4726	0.23322
1.4731	0.23323
1.4735	0.23321
1.4739	0.23324
1.4743	0.23331
1.4747	0.23335
1.4752	0.23336
1.4756	0.23336
1.476	0.23336
1.4764	0.23337
1.4768	0.23339
1.4773	0.23344
1.4777	0.23345
1.4781	0.23344
1.4785	0.23346
1.4789	0.23350
1.4794	0.23352
1.4798	0.23347
1.4802	0.23348
1.4806	0.23350
1.4811	0.23351
1.4815	0.23357
1.4819	0.23361
1.4823	0.23360
1.4828	0.23361
1.4832	0.23365
1.4836	0.23364
1.484	0.23362
1.4844	0.23365
1.4849	0.23367
1.4853	0.23367
1.4857	0.23367
1.4862	0.23367
1.4866	0.23364
1.487	0.23366
1.4874	0.23370
1.4879	0.23369
1.4883	0.23366
1.4887	0.23367
1.4891	0.23371
1.4896	0.23372
1.49	0.23368
1.4904	0.23367
1.4908	0.23368
1.4913	0.23370
1.4917	0.23372
1.4921	0.23371
1.4926	0.23369
1.493	0.23367
1.4934	0.23364
1.4939	0.23366
1.4943	0.23366
1.4947	0.23364
1.4952	0.23362
1.4956	0.23361
1.496	0.23361
1.4964	0.23363
1.4969	0.23360
1.4973	0.23358
1.4977	0.23358
1.4982	0.23357
1.4986	0.23355
1.499	0.23355
1.4995	0.23354
1.4999	0.23352
1.5003	0.23353
1.5008	0.23351
1.5012	0.23347
1.5017	0.23344
1.5021	0.23342
1.5025	0.23339
1.5029	0.23337
1.5034	0.23336
1.5038	0.23337
1.5043	0.23336
1.5047	0.23336
1.5051	0.23332
1.5056	0.23331
1.506	0.23324
1.5064	0.23319
1.5069	0.23319
1.5073	0.23317
1.5078	0.23316
1.5082	0.23312
1.5086	0.23304
1.5091	0.23305
1.5095	0.23301
1.5099	0.23296
1.5104	0.23298
1.5108	0.23295
1.5113	0.23288
1.5117	0.23285
1.5122	0.23281
1.5126	0.23281
1.513	0.23280
1.5135	0.23275
1.5139	0.23269
1.5144	0.23265
1.5148	0.23266
1.5153	0.23263
1.5157	0.23259
1.5161	0.23253
1.5166	0.23247
1.517	0.23243
1.5175	0.23239
1.5179	0.23235
1.5184	0.23231
1.5188	0.23223
1.5193	0.23215
1.5197	0.23217
1.5201	0.23216
1.5206	0.23207
1.521	0.23201
1.5215	0.23198
1.5219	0.23190
1.5224	0.23182
1.5228	0.23177
1.5233	0.23175
1.5237	0.23173
1.5242	0.23165
1.5246	0.23158
1.5251	0.23155
1.5255	0.23151
1.5259	0.23141
1.5264	0.23133
1.5268	0.23131
1.5273	0.23127
1.5278	0.23119
1.5282	0.23115
1.5287	0.23107
1.5291	0.23101
1.5296	0.23097
1.53	0.23091
1.5305	0.23085
1.5309	0.23078
1.5314	0.23071
1.5318	0.23061
1.5323	0.23053
1.5327	0.23050
1.5332	0.23044
1.5336	0.23036
1.5341	0.23030
1.5345	0.23023
1.535	0.23019
1.5354	0.23013
1.5359	0.23003
1.5363	0.22995
1.5368	0.22990
1.5373	0.22981
1.5377	0.22973
1.5382	0.22964
1.5386	0.22955
1.5391	0.22949
1.5396	0.22943
1.54	0.22937
1.5405	0.22928
1.5409	0.22918
1.5414	0.22910
1.5418	0.22904
1.5423	0.22894
1.5428	0.22885
1.5432	0.22880
1.5437	0.22872
1.5441	0.22862
1.5446	0.22852
1.5451	0.22842
1.5455	0.22835
1.546	0.22826
1.5464	0.22817
1.5469	0.22809
1.5474	0.22801
1.5478	0.22791
1.5483	0.22783
1.5487	0.22772
1.5492	0.22762
1.5497	0.22754
1.5501	0.22743
1.5506	0.22735
1.5511	0.22729
1.5515	0.22718
1.552	0.22705
1.5524	0.22696
1.5529	0.22688
1.5534	0.22679
1.5538	0.22668
1.5543	0.22657
1.5548	0.22648
1.5553	0.22640
1.5557	0.22631
1.5562	0.22622
1.5567	0.22610
1.5571	0.22598
1.5576	0.22587
1.5581	0.22578
1.5585	0.22573
1.559	0.22561
1.5595	0.22545
1.5599	0.22535
1.5604	0.22527
1.5609	0.22513
1.5613	0.22503
1.5618	0.22492
1.5623	0.22477
1.5628	0.22466
1.5632	0.22457
1.5637	0.22449
1.5642	0.22439
1.5646	0.22426
1.5651	0.22413
1.5656	0.22401
1.5661	0.22390
1.5665	0.22378
1.567	0.22369
1.5675	0.22359
1.5679	0.22344
1.5684	0.22331
1.5689	0.22320
1.5694	0.22308
1.5698	0.22293
1.5703	0.22278
1.5708	0.22268
1.5713	0.22258
1.5718	0.22247
1.5722	0.22237
1.5727	0.22225
1.5732	0.22214
1.5737	0.22202
1.5741	0.22188
1.5746	0.22176
1.5751	0.22163
1.5756	0.22148
1.5761	0.22133
1.5765	0.22120
1.577	0.22107
1.5775	0.22092
1.578	0.22081
1.5784	0.22070
1.5789	0.22053
1.5794	0.22038
1.5799	0.22026
1.5804	0.22015
1.5808	0.22003
1.5813	0.21987
1.5818	0.21975
1.5823	0.21963
1.5828	0.21949
1.5833	0.21934
1.5838	0.21920
1.5842	0.21908
1.5847	0.21891
1.5852	0.21876
1.5857	0.21862
1.5862	0.21846
1.5867	0.21832
1.5872	0.21817
1.5876	0.21802
1.5881	0.21788
1.5886	0.21776
1.5891	0.21765
1.5896	0.21745
1.5901	0.21725
1.5906	0.21714
1.591	0.21701
1.5915	0.21686
1.592	0.21673
1.5925	0.21659
1.593	0.21642
1.5935	0.21625
1.594	0.21613
1.5945	0.21597
1.595	0.21578
1.5954	0.21561
1.5959	0.21546
1.5964	0.21534
1.5969	0.21520
1.5974	0.21502
1.5979	0.21485
1.5984	0.21473
1.5989	0.21457
1.5994	0.21441
1.5999	0.21427
1.6004	0.21410
1.6009	0.21391
1.6014	0.21375
1.6019	0.21361
1.6023	0.21346
1.6028	0.21330
1.6033	0.21314
1.6038	0.21296
1.6043	0.21279
1.6048	0.21262
1.6053	0.21243
1.6058	0.21229
1.6063	0.21215
1.6068	0.21200
1.6073	0.21181
1.6078	0.21165
1.6083	0.21150
1.6088	0.21133
1.6093	0.21113
1.6098	0.21094
1.6103	0.21077
1.6108	0.21061
1.6113	0.21045
1.6118	0.21031
1.6123	0.21015
1.6128	0.20995
1.6133	0.20979
1.6138	0.20962
1.6143	0.20944
1.6148	0.20927
1.6153	0.20911
1.6158	0.20891
1.6163	0.20873
1.6168	0.20859
1.6173	0.20838
1.6178	0.20818
1.6184	0.20802
1.6189	0.20790
1.6194	0.20773
1.6199	0.20753
1.6204	0.20734
1.6209	0.20714
1.6214	0.20697
1.6219	0.20680
1.6224	0.20662
1.6229	0.20646
1.6234	0.20630
1.6239	0.20610
1.6244	0.20588
1.6249	0.20568
1.6255	0.20553
1.626	0.20538
1.6265	0.20519
1.627	0.20498
1.6275	0.20479
1.628	0.20460
1.6285	0.20439
1.629	0.20422
1.6296	0.20405
1.6301	0.20387
1.6306	0.20370
1.6311	0.20352
1.6316	0.20333
1.6321	0.20316
1.6326	0.20296
1.6331	0.20275
1.6337	0.20257
1.6342	0.20240
1.6347	0.20220
1.6352	0.20202
1.6357	0.20182
1.6362	0.20158
1.6368	0.20138
1.6373	0.20121
1.6378	0.20105
1.6383	0.20084
1.6388	0.20064
1.6393	0.20045
1.6398	0.20027
1.6404	0.20004
1.6409	0.19986
1.6414	0.19968
1.6419	0.19947
1.6424	0.19928
1.643	0.19912
1.6435	0.19890
1.644	0.19869
1.6445	0.19849
1.6451	0.19829
1.6456	0.19809
1.6461	0.19789
1.6466	0.19770
1.6472	0.19751
1.6477	0.19732
1.6482	0.19713
1.6487	0.19696
1.6492	0.19678
1.6498	0.19655
1.6503	0.19631
1.6508	0.19613
1.6513	0.19596
1.6519	0.19575
1.6524	0.19556
1.6529	0.19538
1.6534	0.19517
1.654	0.19494
1.6545	0.19474
1.655	0.19452
1.6556	0.19431
1.6561	0.19413
1.6566	0.19396
1.6572	0.19374
1.6577	0.19351
1.6582	0.19328
1.6587	0.19308
1.6593	0.19289
1.6598	0.19269
1.6603	0.19249
1.6609	0.19231
1.6614	0.19210
1.6619	0.19191
1.6625	0.19170
1.663	0.19150
1.6635	0.19126
1.6641	0.19103
1.6646	0.19083
1.6651	0.19063
1.6657	0.19047
1.6662	0.19025
1.6667	0.19002
1.6673	0.18981
1.6678	0.18958
1.6683	0.18934
1.6689	0.18912
1.6694	0.18892
1.67	0.18873
1.6705	0.18854
1.671	0.18835
1.6716	0.18813
1.6721	0.18792
1.6727	0.18770
1.6732	0.18749
1.6737	0.18729
1.6743	0.18706
1.6748	0.18681
1.6754	0.18660
1.6759	0.18641
1.6764	0.18621
1.677	0.18601
1.6775	0.18580
1.6781	0.18560
1.6786	0.18538
1.6792	0.18516
1.6797	0.18498
1.6802	0.18479
1.6808	0.18455
1.6813	0.18432
1.6819	0.18410
1.6824	0.18389
1.683	0.18372
1.6835	0.18350
1.6841	0.18326
1.6846	0.18305
1.6852	0.18282
1.6857	0.18261
1.6863	0.18242
1.6868	0.18224
1.6873	0.18202
1.6879	0.18179
1.6884	0.18156
1.689	0.18139
1.6896	0.18117
1.6901	0.18094
1.6907	0.18070
1.6912	0.18048
1.6918	0.18029
1.6923	0.18006
1.6929	0.17983
1.6934	0.17962
1.694	0.17943
1.6945	0.17925
1.6951	0.17904
1.6956	0.17881
1.6962	0.17855
1.6967	0.17830
1.6973	0.17811
1.6978	0.17794
1.6984	0.17775
1.699	0.17750
1.6995	0.17727
1.7001	0.17708
1.7006	0.17689
1.7012	0.17669
1.7018	0.17644
1.7023	0.17619
1.7029	0.17599
1.7034	0.17579
1.704	0.17557
1.7046	0.17535
1.7051	0.17514
1.7057	0.17490
1.7062	0.17468
1.7068	0.17447
1.7073	0.17427
1.7079	0.17404
1.7085	0.17379
1.709	0.17356
1.7096	0.17338
1.7102	0.17315
1.7107	0.17295
1.7113	0.17276
1.7119	0.17252
1.7124	0.17231
1.713	0.17212
1.7136	0.17189
1.7141	0.17166
1.7147	0.17146
1.7153	0.17124
1.7158	0.17102
1.7164	0.17080
1.717	0.17056
1.7175	0.17033
1.7181	0.17012
1.7187	0.16992
1.7192	0.16972
1.7198	0.16951
1.7204	0.16930
1.7209	0.16908
1.7215	0.16886
1.7221	0.16861
1.7227	0.16840
1.7232	0.16821
1.7238	0.16798
1.7244	0.16778
1.725	0.16755
1.7255	0.16731
1.7261	0.16710
1.7267	0.16690
1.7273	0.16668
1.7278	0.16645
1.7284	0.16624
1.729	0.16606
1.7296	0.16583
1.7301	0.16562
1.7307	0.16542
1.7313	0.16519
1.7319	0.16499
1.7325	0.16478
1.733	0.16454
1.7336	0.16434
1.7342	0.16417
1.7348	0.16395
1.7353	0.16372
1.7359	0.16349
1.7365	0.16324
1.7371	0.16303
1.7377	0.16286
1.7383	0.16266
1.7388	0.16243
1.7394	0.16222
1.74	0.16204
1.7406	0.16182
1.7412	0.16158
1.7418	0.16137
1.7423	0.16117
1.7429	0.16094
1.7435	0.16071
1.7441	0.16049
1.7447	0.16028
1.7453	0.16008
1.7459	0.15986
1.7465	0.15965
1.7471	0.15945
1.7476	0.15922
1.7482	0.15903
1.7488	0.15884
1.7494	0.15864
1.75	0.15846
1.7506	0.15826
1.7512	0.15802
1.7518	0.15778
1.7524	0.15758
1.753	0.15741
1.7536	0.15717
1.7541	0.15693
1.7547	0.15674
1.7553	0.15653
1.7559	0.15632
1.7565	0.15612
1.7571	0.15590
1.7577	0.15570
1.7583	0.15549
1.7589	0.15525
1.7595	0.15506
1.7601	0.15487
1.7607	0.15464
1.7613	0.15442
1.7619	0.15421
1.7625	0.15402
1.7631	0.15384
1.7637	0.15362
1.7643	0.15338
1.7649	0.15313
1.7655	0.15293
1.7661	0.15276
1.7667	0.15260
1.7673	0.15241
1.7679	0.15218
1.7685	0.15196
1.7691	0.15174
1.7697	0.15156
1.7703	0.15138
1.7709	0.15117
1.7715	0.15096
1.7721	0.15075
1.7727	0.15055
1.7733	0.15036
1.7739	0.15013
1.7746	0.14991
1.7752	0.14971
1.7758	0.14954
1.7764	0.14932
1.777	0.14910
1.7776	0.14889
1.7782	0.14872
1.7788	0.14854
1.7794	0.14834
1.78	0.14814
1.7807	0.14794
1.7813	0.14772
1.7819	0.14751
1.7825	0.14730
1.7831	0.14710
1.7837	0.14690
1.7843	0.14671
1.7849	0.14651
1.7856	0.14633
1.7862	0.14612
1.7868	0.14592
1.7874	0.14571
1.788	0.14550
1.7886	0.14530
1.7893	0.14511
1.7899	0.14490
1.7905	0.14473
1.7911	0.14455
1.7917	0.14434
1.7923	0.14413
1.793	0.14395
1.7936	0.14377
1.7942	0.14358
1.7948	0.14339
1.7954	0.14320
1.7961	0.14299
1.7967	0.14280
1.7973	0.14260
1.7979	0.14237
1.7986	0.14218
1.7992	0.14201
1.7998	0.14183
1.8004	0.14165
1.8011	0.14145
1.8017	0.14123
1.8023	0.14104
1.8029	0.14085
1.8036	0.14065
1.8042	0.14046
1.8048	0.14028
1.8054	0.14009
1.8061	0.13989
1.8067	0.13971
1.8073	0.13951
1.808	0.13933
1.8086	0.13918
1.8092	0.13898
1.8099	0.13876
1.8105	0.13859
1.8111	0.13840
1.8118	0.13822
1.8124	0.13799
1.813	0.13776
1.8137	0.13759
1.8143	0.13741
1.8149	0.13723
1.8156	0.13707
1.8162	0.13688
1.8168	0.13670
1.8175	0.13655
1.8181	0.13638
1.8188	0.13618
1.8194	0.13598
1.82	0.13576
1.8207	0.13557
1.8213	0.13541
1.8219	0.13522
1.8226	0.13504
1.8232	0.13485
1.8239	0.13467
1.8245	0.13449
1.8252	0.13432
1.8258	0.13412
1.8264	0.13392
1.8271	0.13375
1.8277	0.13358
1.8284	0.13339
1.829	0.13323
1.8297	0.13306
1.8303	0.13287
1.8309	0.13268
1.8316	0.13252
1.8323	0.13236
1.8329	0.13218
1.8335	0.13200
1.8342	0.13184
1.8348	0.13166
1.8355	0.13148
1.8361	0.13129
1.8368	0.13110
1.8374	0.13091
1.8381	0.13077
1.8388	0.13062
1.8394	0.13040
1.8401	0.13020
1.8407	0.13006
1.8414	0.12991
1.842	0.12973
1.8427	0.12954
1.8433	0.12938
1.844	0.12921
1.8446	0.12903
1.8453	0.12888
1.8459	0.12871
1.8466	0.12853
1.8473	0.12836
1.8479	0.12821
1.8486	0.12804
1.8492	0.12785
1.8499	0.12770
1.8506	0.12754
1.8512	0.12735
1.8519	0.12718
1.8525	0.12703
1.8532	0.12684
1.8539	0.12665
1.8545	0.12649
1.8552	0.12637
1.8559	0.12621
1.8565	0.12605
1.8572	0.12592
1.8578	0.12579
1.8585	0.12558
1.8592	0.12537
1.8598	0.12522
1.8605	0.12509
1.8612	0.12491
1.8619	0.12473
1.8625	0.12456
1.8632	0.12441
1.8639	0.12426
1.8645	0.12409
1.8652	0.12395
1.8659	0.12379
1.8666	0.12363
1.8672	0.12344
1.8679	0.12327
1.8686	0.12314
1.8692	0.12299
1.8699	0.12283
1.8706	0.12266
1.8713	0.12252
1.8719	0.12237
1.8726	0.12219
1.8733	0.12203
1.874	0.12189
1.8747	0.12175
1.8753	0.12159
1.876	0.12143
1.8767	0.12127
1.8774	0.12113
1.878	0.12100
1.8787	0.12086
1.8794	0.12066
1.8801	0.12048
1.8808	0.12034
1.8814	0.12020
1.8821	0.12007
1.8828	0.11993
1.8835	0.11976
1.8842	0.11962
1.8849	0.11947
1.8856	0.11932
1.8862	0.11920
1.8869	0.11906
1.8876	0.11888
1.8883	0.11871
1.889	0.11854
1.8897	0.11840
1.8904	0.11826
1.8911	0.11812
1.8918	0.11799
1.8924	0.11787
1.8931	0.11774
1.8938	0.11758
1.8945	0.11742
1.8952	0.11730
1.8959	0.11716
1.8966	0.11700
1.8973	0.11686
1.898	0.11669
1.8987	0.11655
1.8994	0.11643
1.9001	0.11628
1.9008	0.11615
1.9015	0.11603
1.9022	0.11587
1.9029	0.11571
1.9036	0.11559
1.9043	0.11545
1.9049	0.11529
1.9057	0.11515
1.9063	0.11501
1.9071	0.11490
1.9078	0.11475
1.9085	0.11459
1.9092	0.11447
1.9099	0.11435
1.9106	0.11421
1.9113	0.11409
1.912	0.11397
1.9127	0.11381
1.9134	0.11368
1.9141	0.11355
1.9148	0.11342
1.9155	0.11329
1.9162	0.11317
1.9169	0.11307
1.9176	0.11293
1.9183	0.11279
1.9191	0.11265
1.9198	0.11250
1.9205	0.11235
1.9212	0.11223
1.9219	0.11214
1.9226	0.11203
1.9233	0.11188
1.924	0.11176
1.9248	0.11164
1.9255	0.11147
1.9262	0.11134
1.9269	0.11124
1.9276	0.11112
1.9283	0.11099
1.9291	0.11086
1.9298	0.11074
1.9305	0.11063
1.9312	0.11049
1.9319	0.11037
1.9327	0.11026
1.9334	0.11013
1.9341	0.11000
1.9348	0.10990
1.9355	0.10978
1.9363	0.10964
1.937	0.10953
1.9377	0.10940
1.9384	0.10929
1.9392	0.10916
1.9399	0.10903
1.9406	0.10893
1.9413	0.10884
1.9421	0.10872
1.9428	0.10859
1.9435	0.10846
1.9442	0.10833
1.945	0.10822
1.9457	0.10813
1.9464	0.10803
1.9472	0.10794
1.9479	0.10780
1.9486	0.10768
1.9494	0.10758
1.9501	0.10747
1.9508	0.10735
1.9516	0.10722
1.9523	0.10712
1.953	0.10705
1.9538	0.10693
1.9545	0.10681
1.9552	0.10671
1.956	0.10658
1.9567	0.10644
1.9574	0.10635
1.9582	0.10628
1.9589	0.10619
1.9597	0.10605
1.9604	0.10592
1.9612	0.10584
1.9619	0.10573
1.9626	0.10561
1.9634	0.10552
1.9641	0.10541
1.9649	0.10531
1.9656	0.10523
1.9664	0.10511
1.9671	0.10500
1.9678	0.10490
1.9686	0.10479
1.9693	0.10469
1.9701	0.10461
1.9708	0.10451
1.9716	0.10440
1.9723	0.10428
1.9731	0.10416
1.9738	0.10409
1.9746	0.10402
1.9753	0.10393
1.9761	0.10384
1.9769	0.10372
1.9776	0.10360
1.9784	0.10350
1.9791	0.10341
1.9799	0.10332
1.9806	0.10323
1.9814	0.10314
1.9822	0.10303
1.9829	0.10292
1.9837	0.10281
1.9844	0.10272
1.9852	0.10262
1.9859	0.10253
1.9867	0.10247
1.9875	0.10237
1.9882	0.10227
1.989	0.10216
1.9898	0.10204
1.9905	0.10199
1.9913	0.10193
1.9921	0.10183
1.9928	0.10173
1.9936	0.10164
1.9943	0.10155
1.9951	0.10147
1.9959	0.10139
1.9967	0.10129
1.9974	0.10123
1.9982	0.10114
1.999	0.10108
1.9997	0.10100
2.0005	0.10087
2.0013	0.10078
2.0021	0.10070
2.0028	0.10061
2.0036	0.10054
2.0044	0.10046
2.0052	0.10037
2.0059	0.10027
2.0067	0.10021
2.0075	0.10015
2.0083	0.10004
2.009	0.09997
2.0098	0.09990
2.0106	0.09981
2.0114	0.09974
2.0122	0.09969
2.0129	0.09956
2.0137	0.09944
2.0145	0.09936
2.0153	0.09928
2.0161	0.09923
2.0168	0.09917
2.0176	0.09908
2.0184	0.09900
2.0192	0.09891
2.02	0.09885
2.0208	0.09878
2.0216	0.09873
2.0223	0.09866
2.0231	0.09856
2.0239	0.09848
2.0247	0.09842
2.0255	0.09836
2.0263	0.09829
2.0271	0.09822
2.0279	0.09816
2.0287	0.09808
2.0295	0.09799
2.0303	0.09794
2.0311	0.09788
2.0319	0.09781
2.0327	0.09775
2.0335	0.09767
2.0343	0.09760
2.0351	0.09753
2.0358	0.09746
2.0367	0.09741
2.0374	0.09735
2.0383	0.09726
2.0391	0.09719
2.0399	0.09714
2.0407	0.09707
2.0415	0.09701
2.0423	0.09694
2.0431	0.09689
2.0439	0.09683
2.0447	0.09674
2.0455	0.09670
2.0463	0.09663
2.0471	0.09655
2.0479	0.09651
2.0487	0.09646
2.0495	0.09637
2.0503	0.09631
2.0511	0.09629
2.052	0.09626
2.0528	0.09618
2.0536	0.09610
2.0544	0.09604
2.0552	0.09599
2.056	0.09592
2.0569	0.09587
2.0577	0.09586
2.0585	0.09578
2.0593	0.09571
2.0601	0.09567
2.0609	0.09561
2.0618	0.09552
2.0626	0.09548
2.0634	0.09543
2.0642	0.09537
2.065	0.09532
2.0659	0.09528
2.0667	0.09524
2.0675	0.09518
2.0683	0.09513
2.0692	0.09509
2.07	0.09503
2.0708	0.09499
2.0716	0.09495
2.0725	0.09489
2.0733	0.09485
2.0741	0.09484
2.075	0.09480
2.0758	0.09472
2.0766	0.09464
2.0774	0.09458
2.0783	0.09454
2.0791	0.09453
2.0799	0.09451
2.0808	0.09445
2.0816	0.09440
2.0825	0.09435
2.0833	0.09430
2.0841	0.09425
2.085	0.09419
2.0858	0.09414
2.0866	0.09410
2.0875	0.09405
2.0883	0.09404
2.0892	0.09401
2.09	0.09395
2.0909	0.09391
2.0917	0.09391
2.0926	0.09388
2.0934	0.09385
2.0942	0.09380
2.0951	0.09376
2.0959	0.09373
2.0968	0.09371
2.0976	0.09369
2.0985	0.09364
2.0993	0.09359
2.1002	0.09355
2.101	0.09353
2.1019	0.09353
2.1027	0.09348
2.1036	0.09343
2.1044	0.09339
2.1053	0.09337
2.1061	0.09335
2.107	0.09331
2.1079	0.09328
2.1087	0.09323
2.1096	0.09321
2.1104	0.09322
2.1113	0.09319
2.1121	0.09313
2.113	0.09309
2.1139	0.09306
2.1147	0.09305
2.1156	0.09302
2.1165	0.09302
2.1173	0.09297
2.1182	0.09295
2.1191	0.09295
2.1199	0.09295
2.1208	0.09289
2.1217	0.09284
2.1225	0.09285
2.1234	0.09283
2.1243	0.09280
2.1251	0.09279
2.126	0.09279
2.1269	0.09274
2.1278	0.09272
2.1286	0.09271
2.1295	0.09269
2.1304	0.09268
2.1313	0.09265
2.1321	0.09263
2.133	0.09264
2.1339	0.09260
2.1348	0.09258
2.1356	0.09256
2.1365	0.09255
2.1374	0.09254
2.1383	0.09251
2.1392	0.09251
2.1401	0.09248
2.1409	0.09247
2.1418	0.09247
2.1427	0.09245
2.1436	0.09244
2.1445	0.09242
2.1454	0.09242
2.1463	0.09245
2.1471	0.09244
2.148	0.09242
2.1489	0.09240
2.1498	0.09241
2.1507	0.09241
2.1516	0.09241
2.1525	0.09240
2.1534	0.09241
2.1543	0.09242
2.1552	0.09241
2.1561	0.09240
2.157	0.09237
2.1579	0.09237
2.1588	0.09238
2.1597	0.09239
2.1606	0.09239
2.1615	0.09240
2.1624	0.09239
2.1633	0.09238
2.1642	0.09239
2.1651	0.09238
2.166	0.09239
2.1669	0.09238
2.1678	0.09236
2.1687	0.09238
2.1696	0.09241
2.1705	0.09245
2.1714	0.09245
2.1723	0.09243
2.1732	0.09241
2.1741	0.09243
2.1751	0.09247
2.176	0.09249
2.1769	0.09247
2.1778	0.09247
2.1787	0.09251
2.1796	0.09254
2.1806	0.09257
2.1815	0.09257
2.1824	0.09255
2.1833	0.09254
2.1842	0.09256
2.1851	0.09257
2.1861	0.09257
2.187	0.09261
2.1879	0.09265
2.1888	0.09267
2.1898	0.09269
2.1907	0.09271
2.1916	0.09272
2.1925	0.09271
2.1935	0.09275
2.1944	0.09279
2.1953	0.09278
2.1963	0.09280
2.1972	0.09285
2.1981	0.09289
2.1991	0.09291
2.2	0.09290
2.2009	0.09292
2.2019	0.09294
2.2028	0.09295
2.2037	0.09300
2.2047	0.09304
2.2056	0.09306
2.2065	0.09307
2.2075	0.09310
2.2084	0.09312
2.2094	0.09312
2.2103	0.09317
2.2112	0.09322
2.2122	0.09325
2.2131	0.09326
2.2141	0.09328
2.215	0.09332
2.216	0.09335
2.2169	0.09339
2.2179	0.09343
2.2188	0.09346
2.2198	0.09351
2.2207	0.09355
2.2217	0.09356
2.2226	0.09359
2.2236	0.09366
2.2245	0.09369
2.2255	0.09372
2.2264	0.09376
2.2274	0.09381
2.2284	0.09385
2.2293	0.09390
2.2303	0.09396
2.2312	0.09398
2.2322	0.09401
2.2331	0.09406
2.2341	0.09410
2.2351	0.09412
2.236	0.09415
2.237	0.09421
2.238	0.09428
2.2389	0.09432
2.2399	0.09436
2.2409	0.09438
2.2418	0.09442
2.2428	0.09450
2.2438	0.09456
2.2448	0.09459
2.2457	0.09464
2.2467	0.09470
2.2477	0.09474
2.2486	0.09479
2.2496	0.09484
2.2506	0.09490
2.2516	0.09495
2.2526	0.09500
2.2535	0.09505
2.2545	0.09511
2.2555	0.09516
2.2565	0.09520
2.2574	0.09526
2.2584	0.09533
2.2594	0.09540
2.2604	0.09545
2.2614	0.09549
2.2624	0.09553
2.2634	0.09560
2.2644	0.09566
2.2653	0.09574
2.2663	0.09580
2.2673	0.09588
2.2683	0.09595
2.2693	0.09601
2.2703	0.09605
2.2713	0.09613
2.2723	0.09618
2.2733	0.09623
2.2743	0.09630
2.2753	0.09638
2.2763	0.09647
2.2773	0.09653
2.2783	0.09660
2.2793	0.09670
2.2803	0.09677
2.2813	0.09680
2.2823	0.09684
2.2833	0.09693
2.2843	0.09700
2.2853	0.09707
2.2863	0.09712
2.2873	0.09719
2.2883	0.09729
2.2894	0.09739
2.2904	0.09747
2.2914	0.09754
2.2924	0.09760
2.2934	0.09768
2.2944	0.09777
2.2954	0.09785
2.2964	0.09793
2.2975	0.09800
2.2985	0.09808
2.2995	0.09818
2.3005	0.09827
2.3015	0.09835
2.3026	0.09844
2.3036	0.09852
2.3046	0.09859
2.3056	0.09868
2.3067	0.09877
2.3077	0.09884
2.3087	0.09890
2.3098	0.09897
2.3108	0.09906
2.3118	0.09915
2.3128	0.09924
2.3139	0.09933
2.3149	0.09945
2.3159	0.09959
2.317	0.09974
2.318	0.09988
2.319	0.10003
2.3201	0.10016
2.3211	0.10027
2.3222	0.10038
2.3232	0.10050
2.3242	0.10060
2.3253	0.10071
2.3263	0.10085
2.3274	0.10096
2.3284	0.10107
2.3295	0.10118
2.3305	0.10130
2.3316	0.10143
2.3326	0.10156
2.3337	0.10166
2.3347	0.10179
2.3358	0.10190
2.3368	0.10200
2.3379	0.10212
2.3389	0.10226
2.34	0.10240
2.341	0.10252
2.3421	0.10266
2.3431	0.10282
2.3442	0.10294
2.3453	0.10302
2.3463	0.10314
2.3474	0.10327
2.3485	0.10336
2.3495	0.10349
2.3506	0.10363
2.3516	0.10373
2.3527	0.10390
2.3538	0.10404
2.3549	0.10419
2.3559	0.10434
2.357	0.10448
2.3581	0.10464
2.3591	0.10480
2.3602	0.10496
2.3613	0.10510
2.3624	0.10524
2.3634	0.10537
2.3645	0.10553
2.3656	0.10570
2.3667	0.10584
2.3678	0.10595
2.3688	0.10609
2.3699	0.10624
2.371	0.10642
2.3721	0.10660
2.3732	0.10677
2.3743	0.10693
2.3754	0.10710
2.3764	0.10725
2.3775	0.10742
2.3786	0.10758
2.3797	0.10774
2.3808	0.10794
2.3819	0.10811
2.383	0.10821
2.3841	0.10835
2.3852	0.10854
2.3863	0.10871
2.3874	0.10891
2.3885	0.10910
2.3896	0.10929
2.3907	0.10947
2.3918	0.10967
2.3929	0.10984
2.394	0.10998
2.3951	0.11019
2.3962	0.11040
2.3973	0.11059
2.3984	0.11083
2.3995	0.11103
2.4006	0.11119
2.4018	0.11140
2.4029	0.11164
2.404	0.11185
2.4051	0.11201
2.4062	0.11216
2.4073	0.11236
2.4085	0.11260
2.4096	0.11280
2.4107	0.11299
2.4118	0.11321
2.4129	0.11343
2.4141	0.11363
2.4152	0.11386
2.4163	0.11407
2.4174	0.11428
2.4186	0.11448
2.4197	0.11467
2.4208	0.11488
2.422	0.11514
2.4231	0.11536
2.4242	0.11558
2.4254	0.11580
2.4265	0.11603
2.4276	0.11627
2.4288	0.11648
2.4299	0.11670
2.431	0.11694
2.4322	0.11720
2.4333	0.11741
2.4345	0.11761
2.4356	0.11784
2.4368	0.11811
2.4379	0.11837
2.4391	0.11861
2.4402	0.11887
2.4413	0.11909
2.4425	0.11933
2.4436	0.11961
2.4448	0.11986
2.4459	0.12009
2.4471	0.12032
2.4483	0.12058
2.4494	0.12085
2.4506	0.12112
2.4517	0.12139
2.4529	0.12163
2.4541	0.12190
2.4552	0.12216
2.4564	0.12241
2.4575	0.12264
2.4587	0.12288
2.4599	0.12314
2.461	0.12341
2.4622	0.12369
2.4634	0.12395
2.4646	0.12423
2.4657	0.12449
2.4669	0.12474
2.4681	0.12504
2.4692	0.12531
2.4704	0.12560
2.4716	0.12590
2.4728	0.12615
2.474	0.12641
2.4751	0.12672
2.4763	0.12702
2.4775	0.12732
2.4787	0.12761
2.4799	0.12790
2.4811	0.12819
2.4823	0.12847
2.4834	0.12876
2.4846	0.12906
2.4858	0.12936
2.487	0.12969
2.4882	0.13001
2.4894	0.13031
2.4906	0.13064
2.4918	0.13097
2.493	0.13126
2.4942	0.13154
2.4954	0.13185
2.4966	0.13217
2.4978	0.13250
2.499	0.13283
2.5002	0.13314
2.5014	0.13343
2.5026	0.13377
2.5038	0.13407
2.505	0.13438
2.5062	0.13472
2.5074	0.13505
2.5087	0.13540
2.5099	0.13575
2.5111	0.13605
2.5123	0.13634
2.5135	0.13669
2.5148	0.13702
2.516	0.13735
2.5172	0.13767
2.5184	0.13798
2.5196	0.13828
2.5209	0.13863
2.5221	0.13900
2.5233	0.13934
2.5245	0.13967
2.5258	0.14002
2.527	0.14038
2.5282	0.14072
2.5295	0.14104
2.5307	0.14137
2.5319	0.14171
2.5332	0.14203
2.5344	0.14234
2.5356	0.14266
2.5369	0.14304
2.5381	0.14341
2.5394	0.14375
2.5406	0.14408
2.5419	0.14443
2.5431	0.14480
2.5444	0.14516
2.5456	0.14553
2.5469	0.14587
2.5481	0.14617
2.5494	0.14652
2.5506	0.14689
2.5519	0.14723
2.5531	0.14755
2.5544	0.14789
2.5556	0.14823
2.5569	0.14857
2.5582	0.14892
2.5594	0.14928
2.5607	0.14965
2.562	0.14999
2.5632	0.15035
2.5645	0.15072
2.5658	0.15110
2.567	0.15145
2.5683	0.15178
2.5696	0.15212
2.5709	0.15248
2.5721	0.15283
2.5734	0.15315
2.5747	0.15353
2.576	0.15391
2.5772	0.15421
2.5785	0.15458
2.5798	0.15499
2.5811	0.15532
2.5824	0.15565
2.5837	0.15597
2.5849	0.15635
2.5862	0.15672
2.5875	0.15706
2.5888	0.15741
2.5901	0.15775
2.5914	0.15812
2.5927	0.15845
2.594	0.15868
2.5953	0.15899
2.5966	0.15946
2.5979	0.15988
2.5992	0.16026
2.6005	0.16062
2.6018	0.16096
2.6031	0.16129
2.6044	0.16158
2.6057	0.16192
2.607	0.16235
2.6084	0.16268
2.6097	0.16303
2.611	0.16339
2.6123	0.16372
2.6136	0.16406
2.6149	0.16441
2.6163	0.16471
2.6176	0.16507
2.6189	0.16543
2.6202	0.16573
2.6215	0.16609
2.6229	0.16644
2.6242	0.16680
2.6255	0.16712
2.6269	0.16743
2.6282	0.16781
2.6295	0.16809
2.6309	0.16838
2.6322	0.16879
2.6335	0.16914
2.6349	0.16945
2.6362	0.16977
2.6375	0.17013
2.6389	0.17045
2.6402	0.17079
2.6416	0.17112
2.6429	0.17140
2.6443	0.17172
2.6456	0.17208
2.647	0.17242
2.6483	0.17272
2.6497	0.17303
2.651	0.17334
2.6524	0.17362
2.6537	0.17394
2.6551	0.17428
2.6565	0.17463
2.6578	0.17496
2.6592	0.17521
2.6606	0.17547
2.6619	0.17577
2.6633	0.17604
2.6646	0.17626
2.666	0.17654
2.6674	0.17690
2.6688	0.17722
2.6701	0.17741
2.6715	0.17779
2.6729	0.17817
2.6743	0.17844
2.6756	0.17869
2.677	0.17898
2.6784	0.17927
2.6798	0.17957
2.6812	0.17989
2.6826	0.18013
2.684	0.18039
2.6854	0.18068
2.6867	0.18097
2.6881	0.18126
2.6895	0.18152
2.6909	0.18180
2.6923	0.18209
2.6937	0.18232
2.6951	0.18260
2.6965	0.18289
2.6979	0.18317
2.6993	0.18339
2.7007	0.18358
2.7021	0.18386
2.7036	0.18413
2.705	0.18436
2.7064	0.18459
2.7078	0.18479
2.7092	0.18492
2.7106	0.18500
2.712	0.18514
2.7134	0.18532
2.7149	0.18541
2.7163	0.18545
2.7177	0.18540
2.7191	0.18523
2.7206	0.18519
2.722	0.18555
2.7234	0.18596
2.7249	0.18637
2.7263	0.18675
2.7277	0.18705
2.7292	0.18725
2.7306	0.18728
2.732	0.18733
2.7335	0.18757
2.7349	0.18783
2.7364	0.18803
2.7378	0.18816
2.7393	0.18822
2.7407	0.18832
2.7421	0.18850
2.7436	0.18865
2.7451	0.18877
2.7465	0.18892
2.748	0.18901
2.7494	0.18910
2.7509	0.18921
2.7523	0.18927
2.7538	0.18928
2.7553	0.18931
2.7567	0.18948
2.7582	0.18962
2.7597	0.18967
2.7611	0.18972
2.7626	0.18974
2.7641	0.18980
2.7656	0.18989
2.767	0.18990
2.7685	0.18990
2.77	0.18993
2.7715	0.18999
2.7729	0.19008
2.7744	0.19013
2.7759	0.19013
2.7774	0.19012
2.7789	0.19017
2.7804	0.19022
2.7819	0.19025
2.7834	0.19030
2.7849	0.19032
2.7864	0.19033
2.7879	0.19033
2.7894	0.19035
2.7909	0.19043
2.7924	0.19050
2.7939	0.19052
2.7954	0.19053
2.7969	0.19058
2.7984	0.19062
2.7999	0.19064
2.8014	0.19066
2.8029	0.19068
2.8044	0.19068
2.806	0.19073
2.8075	0.19082
2.809	0.19086
2.8105	0.19088
2.812	0.19090
2.8136	0.19091
2.8151	0.19092
2.8166	0.19094
2.8182	0.19099
2.8197	0.19103
2.8212	0.19103
2.8228	0.19100
2.8243	0.19102
2.8258	0.19105
2.8274	0.19111
2.8289	0.19116
2.8305	0.19118
2.832	0.19123
2.8336	0.19127
2.8351	0.19129
2.8367	0.19132
2.8382	0.19138
2.8398	0.19142
2.8413	0.19143
2.8429	0.19140
2.8444	0.19141
2.846	0.19146
2.8476	0.19149
2.8491	0.19150
2.8507	0.19153
2.8523	0.19158
2.8538	0.19163
2.8554	0.19164
2.857	0.19161
2.8586	0.19160
2.8601	0.19159
2.8617	0.19158
2.8633	0.19159
2.8649	0.19160
2.8664	0.19160
2.868	0.19162
2.8696	0.19166
2.8712	0.19168
2.8728	0.19168
2.8744	0.19168
2.876	0.19168
2.8776	0.19175
2.8792	0.19175
2.8808	0.19173
2.8824	0.19178
2.884	0.19181
2.8856	0.19177
2.8872	0.19179
2.8888	0.19185
2.8904	0.19187
2.892	0.19189
2.8936	0.19187
2.8953	0.19184
2.8969	0.19185
2.8985	0.19189
2.9001	0.19191
2.9017	0.19188
2.9034	0.19188
2.905	0.19190
2.9066	0.19192
2.9083	0.19194
2.9099	0.19196
2.9115	0.19197
2.9131	0.19198
2.9148	0.19201
2.9164	0.19202
2.9181	0.19199
2.9197	0.19199
2.9214	0.19200
2.923	0.19203
2.9246	0.19206
2.9263	0.19206
2.9279	0.19206
2.9296	0.19203
2.9313	0.19201
2.9329	0.19204
2.9346	0.19205
2.9362	0.19204
2.9379	0.19201
2.9396	0.19201
2.9412	0.19205
2.9429	0.19209
2.9446	0.19204
2.9463	0.19201
2.9479	0.19199
2.9496	0.19201
2.9513	0.19203
2.953	0.19204
2.9546	0.19206
2.9563	0.19208
2.958	0.19209
2.9597	0.19207
2.9614	0.19206
2.9631	0.19206
2.9648	0.19209
2.9665	0.19208
2.9682	0.19210
2.9699	0.19211
2.9716	0.19209
2.9733	0.19210
2.975	0.19209
2.9767	0.19207
2.9784	0.19206
2.9801	0.19209
2.9818	0.19214
2.9836	0.19211
2.9853	0.19209
2.987	0.19211
2.9887	0.19212
2.9904	0.19212
2.9921	0.19210
2.9939	0.19209
2.9956	0.19214
2.9973	0.19214
2.9991	0.19214
3.0008	0.19220
3.0026	0.19219
3.0043	0.19215
3.006	0.19215
3.0078	0.19212
3.0095	0.19208
3.0113	0.19209
3.013	0.19213
3.0148	0.19215
3.0165	0.19208
3.0183	0.19211
3.02	0.19212
3.0218	0.19204
3.0236	0.19201
3.0253	0.19202
3.0271	0.19204
3.0289	0.19199
3.0306	0.19195
3.0324	0.19192
3.0342	0.19191
3.0359	0.19192
3.0377	0.19196
3.0395	0.19197
3.0413	0.19187
3.0431	0.19184
3.0449	0.19182
3.0466	0.19178
3.0484	0.19178
3.0502	0.19176
3.052	0.19172
3.0538	0.19170
3.0556	0.19166
3.0574	0.19163
3.0592	0.19153
3.061	0.19147
3.0629	0.19148
3.0647	0.19147
3.0665	0.19146
3.0683	0.19137
3.0701	0.19134
3.0719	0.19134
3.0737	0.19131
3.0756	0.19128
3.0774	0.19128
3.0792	0.19121
3.0811	0.19112
3.0829	0.19109
3.0847	0.19108
3.0866	0.19105
3.0884	0.19103
3.0902	0.19102
3.0921	0.19094
3.0939	0.19088
3.0958	0.19089
3.0976	0.19089
3.0995	0.19084
3.1013	0.19081
3.1032	0.19080
3.105	0.19076
3.1069	0.19070
3.1088	0.19068
3.1106	0.19068
3.1125	0.19060
3.1144	0.19054
3.1162	0.19058
3.1181	0.19059
3.12	0.19053
3.1219	0.19049
3.1237	0.19042
3.1256	0.19038
3.1275	0.19038
3.1294	0.19035
3.1313	0.19027
3.1332	0.19026
3.1351	0.19024
3.137	0.19015
3.1389	0.19012
3.1408	0.19013
3.1427	0.19010
3.1446	0.19003
3.1465	0.18997
3.1484	0.18994
3.1503	0.18989
3.1522	0.18980
3.1541	0.18975
3.1561	0.18977
3.158	0.18971
3.1599	0.18962
3.1618	0.18961
3.1638	0.18956
3.1657	0.18946
3.1676	0.18942
3.1696	0.18942
3.1715	0.18941
3.1734	0.18937
3.1754	0.18932
3.1773	0.18923
3.1793	0.18916
3.1812	0.18913
3.1832	0.18912
3.1851	0.18909
3.1871	0.18904
3.1891	0.18899
3.191	0.18892
3.193	0.18885
3.1949	0.18877
3.1969	0.18873
3.1989	0.18869
3.2009	0.18862
3.2028	0.18856
3.2048	0.18852
3.2068	0.18842
3.2088	0.18834
3.2108	0.18831
3.2128	0.18823
3.2148	0.18807
3.2168	0.18793
3.2187	0.18778
3.2207	0.18764
3.2228	0.18759
3.2248	0.18756
3.2268	0.18749
3.2288	0.18747
3.2308	0.18741
3.2328	0.18730
3.2348	0.18716
3.2368	0.18702
3.2389	0.18677
3.2409	0.18651
3.2429	0.18633
3.2449	0.18620
3.247	0.18620
3.249	0.18628
3.251	0.18632
3.2531	0.18628
3.2551	0.18624
3.2572	0.18617
3.2592	0.18595
3.2613	0.18567
3.2633	0.18542
3.2654	0.18525
3.2674	0.18513
3.2695	0.18505
3.2715	0.18509
3.2736	0.18520
3.2757	0.18525
3.2778	0.18527
3.2798	0.18529
3.2819	0.18527
3.284	0.18520
3.2861	0.18510
3.2881	0.18498
3.2902	0.18481
3.2923	0.18460
3.2944	0.18430
3.2965	0.18390
3.2986	0.18355
3.3007	0.18321
3.3028	0.18290
3.3049	0.18273
3.307	0.18274
3.3091	0.18292
3.3112	0.18313
3.3134	0.18331
3.3155	0.18348
3.3176	0.18360
3.3197	0.18363
3.3218	0.18358
3.324	0.18344
3.3261	0.18332
3.3282	0.18314
3.3304	0.18292
3.3325	0.18272
3.3347	0.18261
3.3368	0.18258
3.3389	0.18251
3.3411	0.18240
3.3433	0.18221
3.3454	0.18198
3.3476	0.18180
3.3497	0.18160
3.3519	0.18138
3.3541	0.18107
3.3562	0.18071
3.3584	0.18029
3.3606	0.17977
3.3628	0.17925
3.3649	0.17865
3.3671	0.17792
3.3693	0.17719
3.3715	0.17659
3.3737	0.17622
3.3759	0.17607
3.3781	0.17609
3.3803	0.17619
3.3825	0.17627
3.3847	0.17633
3.3869	0.17637
3.3891	0.17629
3.3914	0.17610
3.3936	0.17574
3.3958	0.17532
3.398	0.17489
3.4003	0.17437
3.4025	0.17371
3.4047	0.17301
3.407	0.17231
3.4092	0.17168
3.4114	0.17106
3.4137	0.17046
3.4159	0.17003
3.4182	0.16979
3.4204	0.16973
3.4227	0.16977
3.425	0.17001
3.4272	0.17031
3.4295	0.17066
3.4318	0.17111
3.434	0.17162
3.4363	0.17203
3.4386	0.17226
3.4409	0.17249
3.4432	0.17271
3.4454	0.17285
3.4477	0.17300
3.45	0.17315
3.4523	0.17333
3.4546	0.17349
3.4569	0.17362
3.4592	0.17377
3.4615	0.17388
3.4639	0.17394
3.4662	0.17398
3.4685	0.17397
3.4708	0.17400
3.4731	0.17400
3.4755	0.17394
3.4778	0.17382
3.4801	0.17368
3.4825	0.17357
3.4848	0.17341
3.4871	0.17318
3.4895	0.17292
3.4919	0.17257
3.4942	0.17211
3.4966	0.17162
3.4989	0.17111
3.5013	0.17065
3.5036	0.17032
3.506	0.17015
3.5084	0.17030
3.5108	0.17080
3.5131	0.17151
3.5155	0.17214
3.5179	0.17264
3.5203	0.17316
3.5227	0.17363
3.5251	0.17395
3.5275	0.17419
3.5299	0.17433
3.5323	0.17443
3.5347	0.17447
3.5371	0.17446
3.5395	0.17448
3.5419	0.17451
3.5444	0.17449
3.5468	0.17450
3.5492	0.17456
3.5516	0.17452
3.5541	0.17448
3.5565	0.17445
3.5589	0.17441
3.5614	0.17448
3.5638	0.17450
3.5663	0.17443
3.5688	0.17431
3.5712	0.17426
3.5737	0.17425
3.5761	0.17422
3.5786	0.17411
3.5811	0.17405
3.5836	0.17404
3.586	0.17400
3.5885	0.17394
3.591	0.17393
3.5935	0.17385
3.596	0.17372
3.5985	0.17367
3.601	0.17365
3.6035	0.17360
3.606	0.17352
3.6085	0.17348
3.611	0.17345
3.6135	0.17338
3.616	0.17334
3.6186	0.17332
3.6211	0.17324
3.6236	0.17316
3.6261	0.17309
3.6287	0.17297
3.6312	0.17287
3.6338	0.17283
3.6363	0.17282
3.6389	0.17278
3.6414	0.17266
3.644	0.17258
3.6466	0.17254
3.6491	0.17245
3.6517	0.17234
3.6543	0.17231
3.6568	0.17224
3.6594	0.17213
3.662	0.17208
3.6646	0.17201
3.6672	0.17193
3.6698	0.17187
3.6724	0.17182
3.675	0.17174
3.6776	0.17172
3.6802	0.17171
3.6828	0.17167
3.6854	0.17158
3.688	0.17147
3.6907	0.17142
3.6933	0.17142
3.6959	0.17138
3.6986	0.17129
3.7012	0.17123
3.7039	0.17114
3.7065	0.17104
3.7091	0.17100
3.7118	0.17098
3.7145	0.17092
3.7171	0.17081
3.7198	0.17070
3.7225	0.17066
3.7251	0.17061
3.7278	0.17060
3.7305	0.17056
3.7332	0.17046
3.7359	0.17042
3.7386	0.17035
3.7413	0.17021
3.744	0.17011
3.7467	0.17010
3.7494	0.17005
3.7521	0.16999
3.7548	0.16990
3.7575	0.16979
3.7603	0.16977
3.763	0.16972
3.7657	0.16957
3.7684	0.16950
3.7712	0.16951
3.7739	0.16949
3.7767	0.16930
3.7794	0.16918
3.7822	0.16920
3.7849	0.16923
3.7877	0.16914
3.7905	0.16901
3.7933	0.16887
3.796	0.16880
3.7988	0.16879
3.8016	0.16868
3.8044	0.16863
3.8072	0.16861
3.81	0.16854
3.8128	0.16846
3.8156	0.16842
3.8184	0.16834
3.8212	0.16828
3.824	0.16825
3.8269	0.16813
3.8297	0.16800
3.8325	0.16795
3.8353	0.16789
3.8382	0.16778
3.841	0.16783
3.8439	0.16783
3.8467	0.16766
3.8496	0.16751
3.8524	0.16750
3.8553	0.16746
3.8582	0.16735
3.861	0.16727
3.8639	0.16723
3.8668	0.16714
3.8697	0.16706
3.8726	0.16702
3.8755	0.16694
3.8784	0.16688
3.8813	0.16677
3.8842	0.16669
3.8871	0.16667
3.89	0.16659
3.8929	0.16651
3.8959	0.16651
3.8988	0.16634
3.9017	0.16619
3.9047	0.16617
3.9076	0.16610
3.9106	0.16601
3.9135	0.16590
3.9164	0.16588
3.9194	0.16588
3.9224	0.16575
3.9254	0.16570
3.9283	0.16573
3.9313	0.16565
3.9343	0.16547
3.9373	0.16543
3.9403	0.16543
3.9433	0.16535
3.9463	0.16523
3.9493	0.16512
3.9523	0.16504
3.9553	0.16496
3.9583	0.16488
3.9614	0.16479
3.9644	0.16472
3.9674	0.16464
3.9705	0.16458
3.9735	0.16453
3.9766	0.16445
3.9796	0.16439
3.9826	0.16434
3.9857	0.16427
3.9888	0.16421
3.9919	0.16415
3.9949	0.16412
3.998	0.16407
4.0011	0.16397
4.0042	0.16387
4.0073	0.16382
4.0104	0.16374
4.0135	0.16370
4.0166	0.16365
4.0197	0.16358
4.0228	0.16353
4.0259	0.16348
4.0291	0.16340
4.0322	0.16332
4.0353	0.16327
4.0385	0.16321
4.0416	0.16314
4.0448	0.16306
4.0479	0.16298
4.0511	0.16293
4.0543	0.16287
4.0574	0.16279
4.0606	0.16272
4.0638	0.16266
4.067	0.16259
4.0702	0.16252
4.0734	0.16247
4.0766	0.16239
4.0798	0.16232
4.083	0.16227
4.0862	0.16216
4.0894	0.16208
4.0927	0.16201
4.0959	0.16196
4.0991	0.16188
4.1024	0.16179
4.1056	0.16171
4.1089	0.16166
4.1121	0.16159
4.1154	0.16153
4.1187	0.16146
4.122	0.16140
4.1252	0.16131
4.1285	0.16122
4.1318	0.16116
4.1351	0.16109
4.1384	0.16104
4.1417	0.16099
4.145	0.16090
4.1483	0.16083
4.1516	0.16076
4.155	0.16067
4.1583	0.16058
4.1616	0.16052
4.165	0.16044
4.1683	0.16038
4.1717	0.16033
4.175	0.16026
4.1784	0.16017
4.1818	0.16012
4.1852	0.16005
4.1885	0.15999
4.1919	0.15993
4.1953	0.15988
4.1987	0.15981
4.2021	0.15973
4.2055	0.15963
4.2089	0.15954
4.2124	0.15947
4.2158	0.15941
4.2192	0.15930
4.2226	0.15919
4.2261	0.15908
4.2295	0.15900
4.233	0.15892
4.2365	0.15885
4.2399	0.15880
4.2434	0.15878
4.2469	0.15875
4.2503	0.15873
4.2538	0.15868
4.2573	0.15863
4.2608	0.15856
4.2643	0.15844
4.2678	0.15831
4.2713	0.15822
4.2749	0.15817
4.2784	0.15814
4.2819	0.15806
4.2855	0.15799
4.289	0.15792
4.2926	0.15787
4.2961	0.15784
4.2997	0.15780
4.3033	0.15774
4.3068	0.15771
4.3104	0.15769
4.314	0.15762
4.3176	0.15753
4.3212	0.15748
4.3248	0.15745
4.3284	0.15740
4.332	0.15734
4.3356	0.15729
4.3393	0.15726
4.3429	0.15724
4.3465	0.15720
4.3502	0.15716
4.3538	0.15708
4.3575	0.15701
4.3611	0.15697
4.3648	0.15694
4.3685	0.15689
4.3722	0.15685
4.3759	0.15678
4.3796	0.15674
4.3833	0.15671
4.387	0.15665
4.3907	0.15657
4.3944	0.15653
4.3981	0.15646
4.4019	0.15641
4.4056	0.15639
4.4094	0.15636
4.4131	0.15628
4.4169	0.15621
4.4206	0.15616
4.4244	0.15610
4.4282	0.15600
4.432	0.15594
4.4358	0.15587
4.4396	0.15580
4.4434	0.15575
4.4472	0.15569
4.451	0.15565
4.4548	0.15560
4.4586	0.15551
4.4625	0.15543
4.4663	0.15537
4.4702	0.15529
4.474	0.15522
4.4779	0.15517
4.4818	0.15508
4.4856	0.15499
4.4895	0.15485
4.4934	0.15475
4.4973	0.15469
4.5012	0.15460
4.5051	0.15448
4.509	0.15433
4.513	0.15418
4.5169	0.15407
4.5209	0.15392
4.5248	0.15377
4.5287	0.15360
4.5327	0.15340
4.5367	0.15319
4.5406	0.15294
4.5446	0.15263
4.5486	0.15236
4.5526	0.15206
4.5566	0.15173
4.5606	0.15139
4.5646	0.15106
4.5686	0.15072
4.5727	0.15035
4.5767	0.14997
4.5808	0.14960
4.5848	0.14918
4.5889	0.14876
4.5929	0.14835
4.597	0.14791
4.6011	0.14745
4.6052	0.14697
4.6093	0.14647
4.6134	0.14597
4.6175	0.14544
4.6216	0.14493
4.6257	0.14438
4.6298	0.14381
4.634	0.14324
4.6381	0.14264
4.6423	0.14204
4.6464	0.14142
4.6506	0.14075
4.6548	0.14007
4.659	0.13937
4.6631	0.13865
4.6673	0.13792
4.6715	0.13720
4.6758	0.13646
4.68	0.13571
4.6842	0.13493
4.6884	0.13416
4.6927	0.13336
4.6969	0.13256
4.7012	0.13172
4.7055	0.13088
4.7097	0.13003
4.714	0.12913
4.7183	0.12822
4.7226	0.12732
4.7269	0.12642
4.7312	0.12553
4.7355	0.12466
4.7399	0.12376
4.7442	0.12287
4.7485	0.12202
4.7529	0.12119
4.7573	0.12043
4.7616	0.11970
4.766	0.11900
4.7704	0.11832
4.7748	0.11767
4.7792	0.11707
4.7836	0.11650
4.788	0.11593
4.7924	0.11541
4.7969	0.11488
4.8013	0.11434
4.8058	0.11384
4.8102	0.11334
4.8147	0.11280
4.8191	0.11224
4.8236	0.11169
4.8281	0.11109
4.8326	0.11051
4.8371	0.10993
4.8416	0.10932
4.8462	0.10871
4.8507	0.10809
4.8553	0.10747
4.8598	0.10688
4.8644	0.10630
4.8689	0.10571
4.8735	0.10516
4.8781	0.10465
4.8827	0.10411
4.8873	0.10358
4.8919	0.10309
4.8965	0.10260
4.9011	0.10214
4.9058	0.10167
4.9104	0.10122
4.9151	0.10077
4.9197	0.10033
4.9244	0.09987
4.9291	0.09939
4.9338	0.09890
4.9385	0.09845
4.9432	0.09795
4.9479	0.09745
4.9526	0.09694
4.9574	0.09640
4.9621	0.09584
4.9669	0.09527
4.9716	0.09472
4.9764	0.09416
4.9812	0.09357
4.986	0.09294
4.9908	0.09230
4.9956	0.09166
5.0004	0.09099
5.0052	0.09032
5.01	0.08966
5.0149	0.08903
5.0198	0.08840
5.0246	0.08777
5.0295	0.08715
5.0344	0.08654
5.0393	0.08598
5.0442	0.08546
5.0491	0.08493
5.054	0.08444
5.0589	0.08397
5.0639	0.08356
5.0688	0.08322
5.0738	0.08287
5.0788	0.08257
5.0837	0.08228
5.0887	0.08203
5.0937	0.08181
5.0987	0.08159
5.1037	0.08139
5.1088	0.08120
5.1138	0.08100
5.1189	0.08083
5.1239	0.08066
5.129	0.08049
5.1341	0.08032
5.1391	0.08016
5.1443	0.08001
5.1494	0.07988
5.1545	0.07974
5.1596	0.07960
5.1647	0.07945
5.1699	0.07931
5.175	0.07917
5.1802	0.07903
5.1854	0.07890
5.1906	0.07873
5.1958	0.07857
5.201	0.07841
5.2062	0.07824
5.2115	0.07810
5.2167	0.07796
5.222	0.07784
5.2272	0.07777
5.2325	0.07769
5.2378	0.07758
5.2431	0.07751
5.2484	0.07748
5.2537	0.07749
5.259	0.07750
5.2644	0.07753
5.2697	0.07761
5.2751	0.07773
5.2805	0.07791
5.2858	0.07816
5.2912	0.07848
5.2966	0.07883
5.302	0.07921
5.3075	0.07964
5.3129	0.08016
5.3184	0.08074
5.3238	0.08138
5.3293	0.08208
5.3348	0.08278
5.3403	0.08354
5.3458	0.08433
5.3513	0.08510
5.3568	0.08587
5.3624	0.08669
5.3679	0.08751
5.3735	0.08827
5.379	0.08898
5.3846	0.08970
5.3902	0.09043
5.3958	0.09115
5.4015	0.09189
5.4071	0.09259
5.4127	0.09332
5.4184	0.09408
5.4241	0.09485
5.4297	0.09560
5.4354	0.09638
5.4411	0.09718
5.4469	0.09799
5.4526	0.09881
5.4583	0.09962
5.4641	0.10041
5.4698	0.10117
5.4756	0.10188
5.4814	0.10258
5.4872	0.10321
5.493	0.10380
5.4988	0.10431
5.5047	0.10475
5.5105	0.10515
5.5164	0.10549
5.5223	0.10571
5.5281	0.10585
5.534	0.10590
5.54	0.10588
5.5459	0.10576
5.5518	0.10557
5.5578	0.10529
5.5637	0.10498
5.5697	0.10460
5.5757	0.10422
5.5817	0.10375
5.5877	0.10326
5.5937	0.10273
5.5998	0.10225
5.6058	0.10176
5.6119	0.10128
5.618	0.10081
5.6241	0.10039
5.6302	0.09997
5.6363	0.09961
5.6424	0.09923
5.6486	0.09887
5.6547	0.09858
5.6609	0.09831
5.6671	0.09803
5.6733	0.09778
5.6795	0.09748
5.6857	0.09720
5.692	0.09690
5.6982	0.09663
5.7045	0.09635
5.7108	0.09600
5.7171	0.09562
5.7234	0.09522
5.7297	0.09475
5.736	0.09428
5.7424	0.09375
5.7488	0.09320
5.7551	0.09262
5.7615	0.09202
5.768	0.09135
5.7744	0.09066
5.7808	0.08994
5.7873	0.08925
5.7937	0.08857
5.8002	0.08790
5.8067	0.08723
5.8132	0.08663
5.8198	0.08609
5.8263	0.08560
5.8328	0.08510
5.8394	0.08463
5.846	0.08412
5.8526	0.08362
5.8592	0.08313
5.8658	0.08259
5.8725	0.08206
5.8791	0.08148
5.8858	0.08078
5.8925	0.08015
5.8992	0.07945
5.9059	0.07875
5.9126	0.07806
5.9194	0.07738
5.9262	0.07671
5.9329	0.07604
5.9397	0.07539
5.9465	0.07480
5.9534	0.07425
5.9602	0.07376
5.9671	0.07329
5.974	0.07287
5.9808	0.07254
5.9878	0.07227
5.9947	0.07201
6.0016	0.07182
6.0086	0.07167
6.0155	0.07155
6.0225	0.07146
6.0295	0.07138
6.0365	0.07132
6.0436	0.07123
6.0506	0.07107
6.0577	0.07090
6.0648	0.07069
6.0719	0.07043
6.079	0.07015
6.0861	0.06983
6.0933	0.06951
6.1005	0.06922
6.1076	0.06891
6.1148	0.06856
6.1221	0.06819
6.1293	0.06787
6.1365	0.06760
6.1438	0.06732
6.1511	0.06703
6.1584	0.06674
6.1657	0.06646
6.1731	0.06623
6.1804	0.06600
6.1878	0.06576
6.1952	0.06553
6.2026	0.06532
6.21	0.06513
6.2175	0.06491
6.225	0.06468
6.2324	0.06449
6.2399	0.06432
6.2475	0.06426
6.255	0.06428
6.2625	0.06434
6.2701	0.06440
6.2777	0.06445
6.2853	0.06450
6.2929	0.06456
6.3006	0.06464
6.3083	0.06467
6.3159	0.06469
6.3236	0.06481
6.3314	0.06495
6.3391	0.06505
6.3469	0.06512
6.3546	0.06519
6.3624	0.06524
6.3703	0.06527
6.3781	0.06527
6.3859	0.06524
6.3938	0.06520
6.4017	0.06516
6.4096	0.06513
6.4176	0.06511
6.4255	0.06509
6.4335	0.06505
6.4415	0.06505
6.4495	0.06508
6.4575	0.06511
6.4656	0.06516
6.4736	0.06521
6.4817	0.06526
6.4898	0.06537
6.498	0.06554
6.5061	0.06571
6.5143	0.06594
6.5225	0.06619
6.5307	0.06644
6.5389	0.06674
6.5472	0.06709
6.5555	0.06745
6.5638	0.06780
6.5721	0.06817
6.5804	0.06858
6.5888	0.06899
6.5972	0.06934
6.6056	0.06967
6.614	0.06999
6.6225	0.07031
6.6309	0.07065
6.6394	0.07099
6.6479	0.07132
6.6565	0.07163
6.665	0.07196
6.6736	0.07225
6.6822	0.07246
6.6908	0.07267
6.6995	0.07307
6.7081	0.07378
6.7168	0.07455
6.7255	0.07520
6.7343	0.07576
6.743	0.07622
6.7518	0.07657
6.7606	0.07682
6.7694	0.07697
6.7783	0.07695
6.7871	0.07685
6.796	0.07687
6.805	0.07695
6.8139	0.07702
6.8229	0.07705
6.8319	0.07706
6.8409	0.07709
6.8499	0.07709
6.859	0.07696
6.868	0.07665
6.8772	0.07632
6.8863	0.07612
6.8955	0.07605
6.9046	0.07598
6.9138	0.07590
6.9231	0.07574
6.9323	0.07556
6.9416	0.07536
6.9509	0.07513
6.9602	0.07490
6.9696	0.07465
6.979	0.07436
6.9884	0.07408
6.9978	0.07381
7.0073	0.07353
7.0168	0.07320
7.0263	0.07284
7.0358	0.07249
7.0454	0.07215
7.0549	0.07179
7.0645	0.07144
7.0742	0.07107
7.0839	0.07071
7.0935	0.07034
7.1033	0.06998
7.113	0.06960
7.1228	0.06920
7.1326	0.06884
7.1424	0.06850
7.1522	0.06813
7.1621	0.06776
7.172	0.06736
7.182	0.06698
7.1919	0.06660
7.2019	0.06618
7.2119	0.06579
7.222	0.06538
7.232	0.06493
7.2421	0.06450
7.2523	0.06406
7.2624	0.06365
7.2726	0.06327
7.2828	0.06289
7.2931	0.06250
7.3034	0.06210
7.3136	0.06169
7.324	0.06129
7.3343	0.06089
7.3447	0.06047
7.3551	0.06001
7.3656	0.05954
7.3761	0.05905
7.3866	0.05854
7.3971	0.05799
7.4077	0.05744
7.4183	0.05689
7.4289	0.05632
7.4396	0.05572
7.4503	0.05513
7.461	0.05454
7.4717	0.05395
7.4825	0.05334
7.4933	0.05273
7.5041	0.05213
7.515	0.05155
7.5259	0.05095
7.5369	0.05033
7.5479	0.04972
7.5589	0.04911
7.5699	0.04850
7.581	0.04789
7.592	0.04727
7.6032	0.04671
7.6144	0.04612
7.6255	0.04556
7.6368	0.04503
7.648	0.04449
7.6593	0.04390
7.6707	0.04332
7.682	0.04272
7.6934	0.04216
7.7049	0.04163
7.7163	0.04105
7.7278	0.04048
7.7394	0.03990
7.7509	0.03932
7.7625	0.03873
7.7742	0.03810
7.7858	0.03747
7.7975	0.03683
7.8093	0.03622
7.8211	0.03562
7.8329	0.03504
7.8447	0.03446
7.8566	0.03383
7.8685	0.03315
7.8805	0.03248
7.8925	0.03178
7.9045	0.03105
7.9166	0.03033
7.9287	0.02973
7.9408	0.02917
7.953	0.02861
7.9652	0.02802
7.9775	0.02745
7.9898	0.02687
8.0021	0.02626
8.0145	0.02560
8.0269	0.02497
8.0393	0.02439
8.0518	0.02379
8.0643	0.02310
8.0769	0.02247
8.0895	0.02185
8.1021	0.02121
8.1148	0.02055
8.1275	0.01991
8.1403	0.01926
8.1531	0.01862
8.1659	0.01799
8.1788	0.01738
8.1917	0.01674
8.2047	0.01613
8.2177	0.01550
8.2307	0.01488
8.2438	0.01427
8.257	0.01370
8.2701	0.01310
8.2833	0.01256
8.2966	0.01203
8.3099	0.01149
8.3232	0.01095
8.3366	0.01046
8.35	0.00998
8.3635	0.00952
8.377	0.00909
8.3905	0.00870
8.4041	0.00829
8.4178	0.00797
8.4315	0.00765
8.4452	0.00735
8.459	0.00708
8.4728	0.00690
8.4867	0.00676
8.5006	0.00663
8.5145	0.00650
8.5285	0.00647
8.5426	0.00649
8.5567	0.00665
8.5708	0.00691
8.585	0.00726
8.5993	0.00776
8.6135	0.00849
8.6279	0.00944
8.6423	0.01075
8.6567	0.01237
8.6712	0.01434
8.6857	0.01669
8.7003	0.01945
8.7149	0.02260
8.7295	0.02615
8.7443	0.03006
8.759	0.03433
8.7739	0.03887
8.7887	0.04363
8.8037	0.04854
8.8186	0.05344
8.8337	0.05813
8.8487	0.06253
8.8638	0.06661
8.879	0.07043
8.8943	0.07399
8.9095	0.07737
8.9249	0.08067
8.9403	0.08379
8.9557	0.08675
8.9712	0.08941
8.9868	0.09171
9.0023	0.09369
9.018	0.09533
9.0337	0.09669
9.0495	0.09779
9.0653	0.09860
9.0812	0.09920
9.0971	0.09955
9.1131	0.09957
9.1291	0.09953
9.1452	0.09931
9.1614	0.09883
9.1776	0.09826
9.1939	0.09757
9.2102	0.09681
9.2266	0.09598
9.243	0.09505
9.2596	0.09407
9.2761	0.09304
9.2927	0.09195
9.3094	0.09081
9.3262	0.08965
9.343	0.08853
9.3598	0.08738
9.3768	0.08616
9.3938	0.08498
9.4108	0.08387
9.4279	0.08288
9.4451	0.08204
9.4623	0.08146
9.4796	0.08112
9.497	0.08101
9.5144	0.08124
9.5319	0.08164
9.5494	0.08200
9.567	0.08233
9.5847	0.08270
9.6025	0.08301
9.6203	0.08327
9.6382	0.08349
9.6561	0.08372
9.6742	0.08393
9.6922	0.08406
9.7104	0.08414
9.7286	0.08413
9.7469	0.08401
9.7652	0.08386
9.7837	0.08365
9.8022	0.08345
9.8207	0.08328
9.8394	0.08305
9.8581	0.08282
9.8768	0.08254
9.8957	0.08205
9.9146	0.08146
9.9336	0.08066
9.9527	0.07973
9.9718	0.07875
9.991	0.07762
10.0103	0.07640
10.0297	0.07509
10.0491	0.07372
10.0686	0.07226
10.0882	0.07062
10.1079	0.06893
10.1276	0.06727
10.1475	0.06565
10.1673	0.06423
10.1873	0.06300
10.2074	0.06200
10.2275	0.06142
10.2477	0.06126
10.268	0.06144
10.2884	0.06204
10.3088	0.06300
10.3294	0.06419
10.35	0.06544
10.3707	0.06645
10.3915	0.06705
10.4123	0.06715
10.4333	0.06686
10.4543	0.06634
10.4755	0.06571
10.4967	0.06522
10.5179	0.06512
10.5393	0.06549
10.5608	0.06643
10.5823	0.06766
10.604	0.06907
10.6257	0.07036
10.6475	0.07121
10.6694	0.07174
10.6914	0.07187
10.7135	0.07152
10.7357	0.07084
10.758	0.06990
10.7803	0.06885
10.8028	0.06773
10.8254	0.06657
10.848	0.06553
10.8708	0.06450
10.8936	0.06365
10.9165	0.06311
10.9395	0.06297
10.9627	0.06342
10.9859	0.06447
11.0092	0.06601
11.0327	0.06784
11.0562	0.06970
11.0798	0.07138
11.1035	0.07283
11.1274	0.07410
11.1513	0.07521
11.1753	0.07597
11.1995	0.07647
11.2237	0.07694
11.248	0.07731
11.2725	0.07758
11.297	0.07773
11.3217	0.07771
11.3465	0.07747
11.3714	0.07704
11.3964	0.07637
11.4215	0.07533
11.4467	0.07397
11.472	0.07251
11.4975	0.07097
11.523	0.06924
11.5487	0.06738
11.5744	0.06548
11.6003	0.06359
11.6263	0.06174
11.6525	0.05982
11.6787	0.05813
11.7051	0.05650
11.7316	0.05484
11.7582	0.05326
11.7849	0.05183
11.8117	0.05044
11.8387	0.04920
11.8658	0.04818
11.893	0.04731
11.9203	0.04646
11.9478	0.04572
11.9754	0.04511
12.0031	0.04456
12.031	0.04393
12.059	0.04322
12.0871	0.04259
12.1153	0.04213
12.1437	0.04155
12.1722	0.04091
12.2008	0.04034
12.2296	0.03982
12.2585	0.03936
12.2876	0.03892
12.3168	0.03842
12.3461	0.03798
12.3755	0.03754
12.4051	0.03711
12.4349	0.03673
12.4648	0.03636
12.4948	0.03596
12.525	0.03550
12.5553	0.03503
12.5858	0.03464
12.6164	0.03424
12.6472	0.03381
12.6781	0.03345
12.7092	0.03309
12.7404	0.03266
12.7718	0.03244
12.8033	0.03225
12.835	0.03191
12.8669	0.03157
12.8989	0.03131
12.9311	0.03097
12.9634	0.03063
12.9959	0.03033
13.0285	0.03008
13.0613	0.02980
13.0943	0.02948
13.1275	0.02910
13.1608	0.02870
13.1943	0.02840
13.2279	0.02811
13.2618	0.02771
13.2958	0.02730
13.33	0.02694
13.3643	0.02656
13.3988	0.02624
13.4336	0.02594
13.4685	0.02552
13.5035	0.02512
13.5388	0.02478
13.5742	0.02452
13.6099	0.02447
13.6457	0.02465
13.6817	0.02485
13.7179	0.02502
13.7543	0.02494
13.7909	0.02482
13.8276	0.02473
13.8646	0.02456
13.9018	0.02429
13.9392	0.02406
13.9767	0.02375
14.0145	0.02348
14.0525	0.02320
14.0907	0.02282
14.129	0.02233
14.1677	0.02198
14.2065	0.02169
14.2455	0.02132
14.2847	0.02095
14.3242	0.02060
14.3639	0.02021
14.4038	0.01987
14.4439	0.01939
14.4843	0.01895
14.5248	0.01854
14.5656	0.01801
14.6067	0.01739
14.6479	0.01692
14.6894	0.01664
14.7312	0.01638
14.7731	0.01621
14.8153	0.01624
14.8578	0.01625
14.9005	0.01618
14.9434	0.01615
14.9866	0.01603
15.03	0.01569
15.0737	0.01528
15.1177	0.01485
15.1619	0.01445
15.2063	0.01413
15.2511	0.01402
15.2961	0.01415
15.3413	0.01471
15.3868	0.01567
15.4326	0.01694
15.4787	0.01844
15.525	0.02007
15.5717	0.02165
15.6186	0.02278
15.6658	0.02323
15.7132	0.02336
15.761	0.02307
15.809	0.02254
15.8574	0.02198
15.906	0.02141
15.955	0.02083
16.0042	0.02052
16.0538	0.02041
16.1036	0.02052
16.1538	0.02095
16.2043	0.02171
16.2551	0.02286
16.3062	0.02463
16.3576	0.02680
16.4094	0.02915
16.4615	0.03168
16.5139	0.03421
16.5667	0.03639
16.6198	0.03793
16.6732	0.03887
16.727	0.03974
16.7811	0.04077
16.8356	0.04222
16.8905	0.04422
16.9457	0.04704
17.0012	0.05052
17.0572	0.05448
17.1135	0.05859
17.1701	0.06261
17.2272	0.06638
17.2846	0.06989
17.3424	0.07348
17.4006	0.07701
17.4592	0.08064
17.5182	0.08425
17.5775	0.08789
17.6373	0.09149
17.6975	0.09492
17.7581	0.09822
17.8192	0.10103
17.8806	0.10330
17.9425	0.10526
18.0048	0.10657
18.0675	0.10720
18.1307	0.10721
18.1943	0.10653
18.2584	0.10567
18.3229	0.10471
18.3879	0.10408
18.4533	0.10358
18.5192	0.10320
18.5856	0.10349
18.6524	0.10439
18.7198	0.10562
18.7876	0.10711
18.8559	0.10908
18.9247	0.11119
18.9941	0.11326
19.0639	0.11537
19.1342	0.11713
19.2051	0.11840
19.2765	0.11957
19.3484	0.12063
19.4209	0.12130
19.4939	0.12169
19.5675	0.12160
19.6416	0.12091
19.7163	0.11998
19.7916	0.11897
19.8674	0.11788
19.9438	0.11639
20.0208	0.11445
20.0984	0.11254
20.1766	0.11087
20.2554	0.10957
20.3348	0.10826
20.4149	0.10701
20.4956	0.10582
20.5769	0.10428
20.6589	0.10244
20.7416	0.10073
20.8248	0.09877
20.9088	0.09691
20.9935	0.09520
21.0788	0.09330
21.1648	0.09154
21.2516	0.08975
21.339	0.08732
21.4272	0.08489
21.5161	0.08242
21.6058	0.08006
21.6962	0.07781
21.7873	0.07553
21.8793	0.07307
21.9719	0.07062
22.0654	0.06821
22.1597	0.06613
22.2548	0.06442
22.3508	0.06296
22.4475	0.06161
22.5451	0.06022
22.6436	0.05868
22.7429	0.05722
22.8431	0.05594
22.9442	0.05498
23.0462	0.05391
23.149	0.05320
23.2528	0.05285
23.3576	0.05210
23.4633	0.05132
23.5699	0.05097
23.6775	0.05074
23.7861	0.05099
23.8958	0.05165
24.0064	0.05237
24.1181	0.05334
24.2308	0.05438
24.3445	0.05564
24.4594	0.05760
24.5753	0.05930
24.6923	0.06090
24.8104	0.06249
24.9297	0.06424
25.0501	0.06561
25.1717	0.06678
25.2945	0.06749
25.4185	0.06808
25.5437	0.06865
25.6702	0.06880
25.7979	0.06849
25.9269	0.06807
26.0572	0.06773
26.1888	0.06710
26.3218	0.06596
26.456	0.06464
26.5917	0.06320
26.7288	0.06190
26.8672	0.06039
27.0072	0.05874
27.1486	0.05710
27.2915	0.05568
27.4359	0.05472
27.5818	0.05373
27.7293	0.05259
27.8784	0.05174
28.0291	0.05101
28.1814	0.05081
28.3354	0.05127
28.4911	0.05204
28.6485	0.05319
28.8077	0.05489
28.9686	0.05708
29.1313	0.05969
29.2959	0.06226
29.4624	0.06474
29.6307	0.06699
29.801	0.06828
29.9733	0.06938
30.1476	0.07053
30.3239	0.07115
30.5023	0.07105
30.6828	0.07059
30.8654	0.06986
31.0502	0.06882
31.2372	0.06790
31.4265	0.06717
31.6182	0.06636
31.8121	0.06522
32.0085	0.06482
32.2073	0.06476
32.4086	0.06409
32.6125	0.06392
32.8189	0.06424
33.0279	0.06393
33.2396	0.06332
33.4541	0.06338
33.6713	0.06384
33.8914	0.06391
34.1143	0.06348
34.3403	0.06314
34.5692	0.06265
34.8012	0.06251
35.0363	0.06173
35.2747	0.06076
35.5163	0.05930
35.7613	0.05852
36.0096	0.05881
36.2614	0.05838
36.5168	0.05800
36.7758	0.05709
37.0385	0.05705
37.3049	0.05661
37.5752	0.05508
37.8495	0.05417
38.1278	0.05443
38.4102	0.05393
38.6968	0.05267
38.9878	0.05247
39.2832	0.05363
39.5831	0.05397
39.8876	0.05421
40.1968	0.05582
40.5108	0.05786
40.8298	0.05828
41.1539	0.05919
41.4831	0.05957
41.8176	0.05951
42.1575	0.06080
42.5031	0.06117
42.8544	0.05992
43.2115	0.05964
43.5746	0.05939
43.9439	0.06074
44.3196	0.06013
44.7016	0.05835
45.0903	0.05790
45.4859	0.05587
45.8884	0.05656
46.2981	0.05725
46.7152	0.05654
47.1398	0.05584
47.5723	0.05607
48.0128	0.05651
48.4615	0.05802
48.9187	0.05880
49.3846	0.05645
49.8594	0.05646