Brown University Keck/NASA Relab Spectrum LR-CMP-023/LALR23
Wavelength(micron)	Reflectance
0.3	0.03309
0.305	0.03325
0.31	0.03293
0.315	0.03349
0.32	0.03403
0.325	0.03599
0.33	0.03669
0.335	0.03641
0.34	0.03666
0.345	0.03802
0.35	0.03865
0.355	0.03929
0.36	0.03956
0.365	0.03996
0.37	0.04039
0.375	0.04102
0.38	0.04180
0.385	0.04199
0.39	0.04243
0.395	0.04287
0.4	0.04349
0.405	0.04395
0.41	0.04414
0.415	0.04492
0.42	0.04473
0.425	0.04523
0.43	0.04575
0.435	0.04628
0.44	0.04670
0.445	0.04686
0.45	0.04734
0.455	0.04764
0.46	0.04795
0.465	0.04827
0.47	0.04854
0.475	0.04896
0.48	0.04920
0.485	0.04959
0.49	0.05005
0.495	0.05029
0.5	0.05059
0.505	0.05086
0.51	0.05114
0.515	0.05167
0.52	0.05212
0.525	0.05285
0.53	0.05302
0.535	0.05344
0.54	0.05373
0.545	0.05393
0.55	0.05435
0.555	0.05473
0.56	0.05509
0.565	0.05543
0.57	0.05575
0.575	0.05615
0.58	0.05631
0.585	0.05666
0.59	0.05687
0.595	0.05736
0.6	0.05773
0.605	0.05807
0.61	0.05827
0.615	0.05870
0.62	0.05901
0.625	0.05947
0.63	0.05993
0.635	0.05999
0.64	0.06059
0.645	0.06083
0.65	0.06109
0.655	0.06126
0.66	0.06167
0.665	0.06189
0.67	0.06253
0.675	0.06253
0.68	0.06259
0.685	0.06264
0.69	0.06297
0.695	0.06328
0.7	0.06324
0.705	0.06365
0.71	0.06405
0.715	0.06437
0.72	0.06486
0.725	0.06522
0.73	0.06531
0.735	0.06572
0.74	0.06574
0.745	0.06624
0.75	0.06637
0.755	0.06659
0.76	0.06676
0.765	0.06702
0.77	0.06722
0.775	0.06712
0.78	0.06749
0.785	0.06740
0.79	0.06778
0.795	0.06785
0.8	0.06837
0.805	0.06840
0.81	0.06840
0.815	0.06832
0.82	0.06861
0.825	0.06830
0.83	0.06815
0.835	0.06798
0.84	0.06801
0.845	0.06774
0.85	0.06747
0.855	0.06727
0.86	0.06709
0.865	0.06710
0.87	0.06675
0.875	0.06651
0.88	0.06653
0.885	0.06656
0.89	0.06628
0.895	0.06583
0.9	0.06582
0.905	0.06506
0.91	0.06493
0.915	0.06502
0.92	0.06499
0.925	0.06468
0.93	0.06512
0.935	0.06489
0.94	0.06488
0.945	0.06500
0.95	0.06483
0.955	0.06495
0.96	0.06503
0.965	0.06514
0.97	0.06509
0.975	0.06522
0.98	0.06537
0.985	0.06557
0.99	0.06575
0.995	0.06618
1	0.06628
1.005	0.06587
1.01	0.06616
1.015	0.06648
1.02	0.06663
1.025	0.06693
1.03	0.06743
1.035	0.06781
1.04	0.06808
1.045	0.06852
1.05	0.06899
1.055	0.06942
1.06	0.06972
1.065	0.06976
1.07	0.07013
1.075	0.07068
1.08	0.07111
1.085	0.07175
1.09	0.07228
1.095	0.07289
1.1	0.07351
1.105	0.07424
1.11	0.07492
1.115	0.07545
1.12	0.07591
1.125	0.07648
1.13	0.07707
1.135	0.07727
1.14	0.07790
1.145	0.07846
1.15	0.07879
1.155	0.07936
1.16	0.07965
1.165	0.07996
1.17	0.08033
1.175	0.08092
1.18	0.08128
1.185	0.08168
1.19	0.08199
1.195	0.08224
1.2	0.08238
1.205	0.08269
1.21	0.08281
1.215	0.08338
1.22	0.08380
1.225	0.08386
1.23	0.08417
1.235	0.08432
1.24	0.08456
1.245	0.08510
1.25	0.08514
1.255	0.08561
1.26	0.08582
1.265	0.08614
1.27	0.08643
1.275	0.08675
1.28	0.08706
1.285	0.08744
1.29	0.08769
1.295	0.08787
1.3	0.08827
1.305	0.08853
1.31	0.08897
1.315	0.08911
1.32	0.08965
1.325	0.09019
1.33	0.09041
1.335	0.09083
1.34	0.09135
1.345	0.09169
1.35	0.09195
1.355	0.09192
1.36	0.09252
1.365	0.09317
1.37	0.09367
1.375	0.09393
1.38	0.09362
1.385	0.09498
1.39	0.09539
1.395	0.09510
1.4	0.09522
1.405	0.09586
1.41	0.09684
1.415	0.09687
1.42	0.09702
1.425	0.09765
1.43	0.09810
1.435	0.09838
1.44	0.09850
1.445	0.09872
1.45	0.09900
1.455	0.09942
1.46	0.09985
1.465	0.10008
1.47	0.10031
1.475	0.10066
1.48	0.10108
1.485	0.10144
1.49	0.10175
1.495	0.10183
1.5	0.10217
1.505	0.10233
1.51	0.10277
1.515	0.10304
1.52	0.10327
1.525	0.10368
1.53	0.10425
1.535	0.10414
1.54	0.10450
1.545	0.10460
1.55	0.10480
1.555	0.10520
1.56	0.10557
1.565	0.10564
1.57	0.10604
1.575	0.10642
1.58	0.10639
1.585	0.10641
1.59	0.10689
1.595	0.10706
1.6	0.10704
1.605	0.10749
1.61	0.10770
1.615	0.10777
1.62	0.10786
1.625	0.10812
1.63	0.10826
1.635	0.10813
1.64	0.10865
1.645	0.10869
1.65	0.10893
1.655	0.10917
1.66	0.10971
1.665	0.11019
1.67	0.11029
1.675	0.11024
1.68	0.11054
1.685	0.11054
1.69	0.11065
1.695	0.11089
1.7	0.11189
1.705	0.11159
1.71	0.11156
1.715	0.11169
1.72	0.11177
1.725	0.11185
1.73	0.11199
1.735	0.11196
1.74	0.11219
1.745	0.11227
1.75	0.11243
1.755	0.11263
1.76	0.11247
1.765	0.11272
1.77	0.11281
1.775	0.11317
1.78	0.11331
1.785	0.11342
1.79	0.11366
1.795	0.11376
1.8	0.11380
1.805	0.11420
1.81	0.11417
1.815	0.11435
1.82	0.11436
1.825	0.11489
1.83	0.11490
1.835	0.11487
1.84	0.11498
1.845	0.11569
1.85	0.11566
1.855	0.11583
1.86	0.11600
1.865	0.11636
1.87	0.11640
1.875	0.11716
1.88	0.11690
1.885	0.11706
1.89	0.11714
1.895	0.11779
1.9	0.11694
1.905	0.11771
1.91	0.11857
1.915	0.11813
1.92	0.11831
1.925	0.11898
1.93	0.11880
1.935	0.11888
1.94	0.11916
1.945	0.11949
1.95	0.11955
1.955	0.11969
1.96	0.11989
1.965	0.11992
1.97	0.12032
1.975	0.12038
1.98	0.12072
1.985	0.12069
1.99	0.12085
1.995	0.12103
2	0.12139
2.005	0.12170
2.01	0.12173
2.015	0.12191
2.02	0.12230
2.025	0.12263
2.03	0.12283
2.035	0.12278
2.04	0.12315
2.045	0.12355
2.05	0.12374
2.055	0.12395
2.06	0.12431
2.065	0.12440
2.07	0.12450
2.075	0.12468
2.08	0.12506
2.085	0.12538
2.09	0.12547
2.095	0.12600
2.1	0.12643
2.105	0.12640
2.11	0.12643
2.115	0.12686
2.12	0.12711
2.125	0.12729
2.13	0.12750
2.135	0.12773
2.14	0.12788
2.145	0.12832
2.15	0.12871
2.155	0.12868
2.16	0.12916
2.165	0.12961
2.17	0.12977
2.175	0.12991
2.18	0.13055
2.185	0.13077
2.19	0.13107
2.195	0.13154
2.2	0.13171
2.205	0.13234
2.21	0.13238
2.215	0.13268
2.22	0.13312
2.225	0.13351
2.23	0.13373
2.235	0.13410
2.24	0.13445
2.245	0.13469
2.25	0.13509
2.255	0.13545
2.26	0.13589
2.265	0.13599
2.27	0.13656
2.275	0.13686
2.28	0.13707
2.285	0.13756
2.29	0.13769
2.295	0.13806
2.3	0.13867
2.305	0.13901
2.31	0.13911
2.315	0.13956
2.32	0.14012
2.325	0.14030
2.33	0.14083
2.335	0.14106
2.34	0.14141
2.345	0.14144
2.35	0.14190
2.355	0.14203
2.36	0.14262
2.365	0.14289
2.37	0.14316
2.375	0.14385
2.38	0.14388
2.385	0.14437
2.39	0.14496
2.395	0.14511
2.4	0.14564
2.405	0.14611
2.41	0.14647
2.415	0.14670
2.42	0.14727
2.425	0.14817
2.43	0.14848
2.435	0.14877
2.44	0.14964
2.445	0.14964
2.45	0.15012
2.455	0.15041
2.46	0.15070
2.465	0.15118
2.47	0.15110
2.475	0.15246
2.48	0.15267
2.485	0.15304
2.49	0.15346
2.495	0.15399
2.5	0.15461
2.502	0.15489
2.5032	0.15483
2.5044	0.15477
2.5056	0.15503
2.5068	0.15522
2.508	0.15508
2.5093	0.15518
2.5105	0.15551
2.5117	0.15558
2.5129	0.15555
2.5141	0.15590
2.5153	0.15602
2.5166	0.15585
2.5178	0.15601
2.519	0.15618
2.5202	0.15643
2.5215	0.15633
2.5227	0.15623
2.5239	0.15627
2.5252	0.15643
2.5264	0.15661
2.5276	0.15674
2.5288	0.15692
2.5301	0.15698
2.5313	0.15701
2.5326	0.15711
2.5338	0.15687
2.535	0.15708
2.5363	0.15736
2.5375	0.15740
2.5388	0.15731
2.54	0.15760
2.5412	0.15777
2.5425	0.15783
2.5437	0.15772
2.545	0.15759
2.5462	0.15771
2.5475	0.15781
2.5487	0.15793
2.55	0.15811
2.5512	0.15814
2.5525	0.15825
2.5538	0.15838
2.555	0.15865
2.5563	0.15896
2.5575	0.15904
2.5588	0.15889
2.5601	0.15886
2.5613	0.15890
2.5626	0.15880
2.5639	0.15882
2.5651	0.15897
2.5664	0.15933
2.5677	0.15958
2.5689	0.15950
2.5702	0.15974
2.5715	0.15986
2.5728	0.15976
2.574	0.15980
2.5753	0.15998
2.5766	0.16008
2.5779	0.16021
2.5792	0.16030
2.5805	0.16045
2.5817	0.16067
2.583	0.16070
2.5843	0.16063
2.5856	0.16070
2.5869	0.16074
2.5882	0.16095
2.5895	0.16112
2.5908	0.16129
2.5921	0.16153
2.5934	0.16154
2.5947	0.16161
2.596	0.16197
2.5973	0.16210
2.5986	0.16221
2.5999	0.16231
2.6012	0.16222
2.6025	0.16214
2.6038	0.16231
2.6051	0.16228
2.6064	0.16220
2.6077	0.16238
2.609	0.16274
2.6103	0.16277
2.6117	0.16270
2.613	0.16309
2.6143	0.16317
2.6156	0.16273
2.6169	0.16256
2.6183	0.16306
2.6196	0.16347
2.6209	0.16353
2.6222	0.16343
2.6236	0.16353
2.6249	0.16372
2.6262	0.16383
2.6275	0.16403
2.6289	0.16387
2.6302	0.16387
2.6315	0.16377
2.6329	0.16386
2.6342	0.16410
2.6356	0.16423
2.6369	0.16424
2.6382	0.16431
2.6396	0.16444
2.6409	0.16481
2.6423	0.16466
2.6436	0.16454
2.645	0.16469
2.6463	0.16479
2.6477	0.16472
2.649	0.16468
2.6504	0.16494
2.6517	0.16507
2.6531	0.16515
2.6544	0.16523
2.6558	0.16533
2.6572	0.16513
2.6585	0.16514
2.6599	0.16548
2.6613	0.16569
2.6626	0.16562
2.664	0.16560
2.6654	0.16552
2.6667	0.16558
2.6681	0.16586
2.6695	0.16571
2.6709	0.16558
2.6722	0.16577
2.6736	0.16572
2.675	0.16566
2.6764	0.16578
2.6778	0.16613
2.6791	0.16654
2.6805	0.16632
2.6819	0.16630
2.6833	0.16641
2.6847	0.16651
2.6861	0.16647
2.6875	0.16623
2.6889	0.16630
2.6903	0.16632
2.6917	0.16611
2.6931	0.16634
2.6945	0.16664
2.6959	0.16667
2.6973	0.16679
2.6987	0.16694
2.7001	0.16674
2.7015	0.16668
2.7029	0.16670
2.7043	0.16679
2.7057	0.16688
2.7071	0.16684
2.7085	0.16675
2.71	0.16686
2.7114	0.16696
2.7128	0.16689
2.7142	0.16669
2.7156	0.16661
2.7171	0.16673
2.7185	0.16680
2.7199	0.16693
2.7213	0.16691
2.7228	0.16683
2.7242	0.16674
2.7256	0.16664
2.7271	0.16658
2.7285	0.16649
2.7299	0.16650
2.7314	0.16655
2.7328	0.16645
2.7342	0.16652
2.7357	0.16647
2.7371	0.16619
2.7386	0.16584
2.74	0.16572
2.7415	0.16589
2.7429	0.16599
2.7444	0.16596
2.7458	0.16579
2.7473	0.16546
2.7487	0.16546
2.7502	0.16543
2.7517	0.16543
2.7531	0.16542
2.7546	0.16533
2.7561	0.16516
2.7575	0.16502
2.759	0.16509
2.7605	0.16492
2.7619	0.16463
2.7634	0.16460
2.7649	0.16467
2.7663	0.16445
2.7678	0.16437
2.7693	0.16435
2.7708	0.16405
2.7723	0.16375
2.7737	0.16363
2.7752	0.16371
2.7767	0.16387
2.7782	0.16372
2.7797	0.16347
2.7812	0.16333
2.7827	0.16310
2.7842	0.16305
2.7857	0.16296
2.7872	0.16281
2.7887	0.16292
2.7902	0.16306
2.7917	0.16297
2.7932	0.16274
2.7947	0.16256
2.7962	0.16246
2.7977	0.16250
2.7992	0.16252
2.8007	0.16247
2.8022	0.16218
2.8038	0.16220
2.8053	0.16238
2.8068	0.16238
2.8083	0.16237
2.8098	0.16231
2.8114	0.16231
2.8129	0.16213
2.8144	0.16203
2.8159	0.16203
2.8175	0.16199
2.819	0.16197
2.8205	0.16197
2.8221	0.16194
2.8236	0.16204
2.8251	0.16211
2.8267	0.16203
2.8282	0.16187
2.8298	0.16187
2.8313	0.16215
2.8329	0.16236
2.8344	0.16226
2.836	0.16206
2.8375	0.16196
2.8391	0.16204
2.8406	0.16208
2.8422	0.16205
2.8437	0.16200
2.8453	0.16216
2.8469	0.16236
2.8484	0.16240
2.85	0.16240
2.8516	0.16251
2.8531	0.16256
2.8547	0.16257
2.8563	0.16242
2.8578	0.16252
2.8594	0.16272
2.861	0.16273
2.8626	0.16279
2.8642	0.16290
2.8657	0.16298
2.8673	0.16291
2.8689	0.16280
2.8705	0.16279
2.8721	0.16280
2.8737	0.16303
2.8753	0.16314
2.8769	0.16312
2.8785	0.16324
2.8801	0.16326
2.8817	0.16322
2.8833	0.16308
2.8849	0.16313
2.8865	0.16327
2.8881	0.16339
2.8897	0.16349
2.8913	0.16354
2.8929	0.16368
2.8945	0.16382
2.8962	0.16392
2.8978	0.16403
2.8994	0.16402
2.901	0.16389
2.9027	0.16386
2.9043	0.16394
2.9059	0.16417
2.9075	0.16439
2.9092	0.16442
2.9108	0.16431
2.9124	0.16431
2.9141	0.16429
2.9157	0.16433
2.9174	0.16441
2.919	0.16453
2.9206	0.16467
2.9223	0.16469
2.9239	0.16467
2.9256	0.16466
2.9272	0.16474
2.9289	0.16470
2.9305	0.16488
2.9322	0.16496
2.9339	0.16494
2.9355	0.16492
2.9372	0.16493
2.9389	0.16495
2.9405	0.16493
2.9422	0.16492
2.9439	0.16509
2.9455	0.16513
2.9472	0.16512
2.9489	0.16500
2.9506	0.16525
2.9522	0.16537
2.9539	0.16532
2.9556	0.16523
2.9573	0.16531
2.959	0.16543
2.9607	0.16541
2.9624	0.16532
2.9641	0.16525
2.9658	0.16522
2.9674	0.16531
2.9691	0.16531
2.9709	0.16529
2.9726	0.16544
2.9743	0.16559
2.976	0.16565
2.9777	0.16570
2.9794	0.16578
2.9811	0.16588
2.9828	0.16589
2.9845	0.16591
2.9863	0.16585
2.988	0.16595
2.9897	0.16601
2.9914	0.16586
2.9931	0.16584
2.9949	0.16591
2.9966	0.16604
2.9983	0.16623
3.0001	0.16631
3.0018	0.16626
3.0036	0.16632
3.0053	0.16641
3.007	0.16650
3.0088	0.16649
3.0105	0.16652
3.0123	0.16656
3.014	0.16651
3.0158	0.16655
3.0175	0.16673
3.0193	0.16676
3.0211	0.16670
3.0228	0.16681
3.0246	0.16671
3.0263	0.16666
3.0281	0.16681
3.0299	0.16701
3.0317	0.16699
3.0334	0.16700
3.0352	0.16701
3.037	0.16706
3.0388	0.16707
3.0405	0.16718
3.0423	0.16736
3.0441	0.16729
3.0459	0.16719
3.0477	0.16718
3.0495	0.16719
3.0513	0.16737
3.0531	0.16735
3.0549	0.16734
3.0567	0.16736
3.0585	0.16728
3.0603	0.16742
3.0621	0.16761
3.0639	0.16765
3.0657	0.16754
3.0675	0.16745
3.0694	0.16741
3.0712	0.16747
3.073	0.16760
3.0748	0.16761
3.0766	0.16763
3.0785	0.16762
3.0803	0.16755
3.0821	0.16757
3.084	0.16774
3.0858	0.16773
3.0876	0.16777
3.0895	0.16777
3.0913	0.16783
3.0932	0.16771
3.095	0.16763
3.0969	0.16777
3.0987	0.16786
3.1006	0.16781
3.1024	0.16784
3.1043	0.16792
3.1061	0.16790
3.108	0.16796
3.1099	0.16809
3.1117	0.16808
3.1136	0.16809
3.1155	0.16817
3.1173	0.16827
3.1192	0.16824
3.1211	0.16821
3.123	0.16819
3.1249	0.16834
3.1267	0.16833
3.1286	0.16833
3.1305	0.16837
3.1324	0.16844
3.1343	0.16852
3.1362	0.16855
3.1381	0.16850
3.14	0.16850
3.1419	0.16854
3.1438	0.16857
3.1457	0.16861
3.1476	0.16863
3.1495	0.16860
3.1514	0.16865
3.1534	0.16876
3.1553	0.16876
3.1572	0.16880
3.1591	0.16886
3.1611	0.16893
3.163	0.16884
3.1649	0.16862
3.1669	0.16869
3.1688	0.16899
3.1707	0.16906
3.1727	0.16903
3.1746	0.16907
3.1766	0.16904
3.1785	0.16909
3.1805	0.16919
3.1824	0.16931
3.1844	0.16930
3.1863	0.16923
3.1883	0.16933
3.1902	0.16954
3.1922	0.16950
3.1942	0.16934
3.1961	0.16931
3.1981	0.16942
3.2001	0.16953
3.2021	0.16959
3.204	0.16956
3.206	0.16954
3.208	0.16946
3.21	0.16947
3.212	0.16962
3.214	0.16980
3.216	0.16973
3.218	0.16964
3.22	0.16974
3.222	0.16985
3.224	0.16980
3.226	0.16984
3.228	0.17006
3.23	0.17009
3.232	0.16985
3.234	0.16991
3.236	0.17003
3.2381	0.16997
3.2401	0.16998
3.2421	0.17014
3.2441	0.17018
3.2462	0.17015
3.2482	0.17004
3.2502	0.17013
3.2523	0.17023
3.2543	0.17037
3.2564	0.17039
3.2584	0.17034
3.2605	0.17037
3.2625	0.17043
3.2646	0.17053
3.2666	0.17064
3.2687	0.17063
3.2707	0.17060
3.2728	0.17060
3.2749	0.17068
3.277	0.17067
3.279	0.17059
3.2811	0.17064
3.2832	0.17071
3.2853	0.17075
3.2873	0.17069
3.2894	0.17067
3.2915	0.17074
3.2936	0.17081
3.2957	0.17087
3.2978	0.17088
3.2999	0.17089
3.302	0.17077
3.3041	0.17085
3.3062	0.17089
3.3083	0.17088
3.3104	0.17091
3.3125	0.17089
3.3147	0.17093
3.3168	0.17091
3.3189	0.17095
3.321	0.17115
3.3232	0.17109
3.3253	0.17107
3.3274	0.17122
3.3296	0.17127
3.3317	0.17126
3.3338	0.17130
3.336	0.17119
3.3381	0.17114
3.3403	0.17117
3.3424	0.17114
3.3446	0.17114
3.3468	0.17117
3.3489	0.17118
3.3511	0.17127
3.3533	0.17120
3.3554	0.17104
3.3576	0.17096
3.3598	0.17101
3.362	0.17096
3.3641	0.17087
3.3663	0.17081
3.3685	0.17076
3.3707	0.17062
3.3729	0.17049
3.3751	0.17044
3.3773	0.17052
3.3795	0.17056
3.3817	0.17061
3.3839	0.17066
3.3861	0.17079
3.3883	0.17095
3.3905	0.17111
3.3928	0.17107
3.395	0.17097
3.3972	0.17096
3.3994	0.17098
3.4017	0.17091
3.4039	0.17076
3.4061	0.17053
3.4084	0.17047
3.4106	0.17042
3.4129	0.17025
3.4151	0.17011
3.4174	0.17022
3.4196	0.17046
3.4219	0.17059
3.4241	0.17073
3.4264	0.17098
3.4287	0.17121
3.4309	0.17142
3.4332	0.17154
3.4355	0.17171
3.4378	0.17183
3.44	0.17186
3.4423	0.17185
3.4446	0.17185
3.4469	0.17201
3.4492	0.17216
3.4515	0.17215
3.4538	0.17222
3.4561	0.17225
3.4584	0.17229
3.4607	0.17240
3.463	0.17256
3.4653	0.17260
3.4676	0.17253
3.47	0.17256
3.4723	0.17260
3.4746	0.17253
3.477	0.17247
3.4793	0.17247
3.4816	0.17251
3.484	0.17252
3.4863	0.17255
3.4887	0.17250
3.491	0.17253
3.4934	0.17249
3.4957	0.17247
3.4981	0.17235
3.5004	0.17234
3.5028	0.17245
3.5052	0.17254
3.5075	0.17282
3.5099	0.17306
3.5123	0.17320
3.5147	0.17326
3.5171	0.17332
3.5194	0.17338
3.5218	0.17331
3.5242	0.17334
3.5266	0.17351
3.529	0.17357
3.5314	0.17361
3.5338	0.17372
3.5362	0.17379
3.5387	0.17383
3.5411	0.17392
3.5435	0.17393
3.5459	0.17401
3.5483	0.17412
3.5508	0.17409
3.5532	0.17409
3.5556	0.17413
3.5581	0.17413
3.5605	0.17415
3.563	0.17422
3.5654	0.17425
3.5679	0.17434
3.5703	0.17437
3.5728	0.17441
3.5753	0.17441
3.5777	0.17443
3.5802	0.17443
3.5827	0.17450
3.5852	0.17456
3.5876	0.17458
3.5901	0.17460
3.5926	0.17464
3.5951	0.17474
3.5976	0.17486
3.6001	0.17489
3.6026	0.17487
3.6051	0.17489
3.6076	0.17500
3.6101	0.17506
3.6126	0.17511
3.6152	0.17515
3.6177	0.17517
3.6202	0.17517
3.6227	0.17528
3.6253	0.17534
3.6278	0.17532
3.6303	0.17531
3.6329	0.17530
3.6354	0.17538
3.638	0.17547
3.6405	0.17548
3.6431	0.17560
3.6457	0.17568
3.6482	0.17571
3.6508	0.17576
3.6534	0.17573
3.6559	0.17567
3.6585	0.17570
3.6611	0.17582
3.6637	0.17587
3.6663	0.17586
3.6689	0.17599
3.6715	0.17614
3.6741	0.17612
3.6767	0.17613
3.6793	0.17618
3.6819	0.17620
3.6845	0.17629
3.6872	0.17633
3.6898	0.17627
3.6924	0.17632
3.695	0.17643
3.6977	0.17648
3.7003	0.17651
3.703	0.17647
3.7056	0.17649
3.7083	0.17655
3.7109	0.17660
3.7136	0.17654
3.7162	0.17657
3.7189	0.17665
3.7216	0.17672
3.7242	0.17675
3.7269	0.17679
3.7296	0.17686
3.7323	0.17694
3.735	0.17699
3.7377	0.17698
3.7404	0.17694
3.7431	0.17702
3.7458	0.17704
3.7485	0.17709
3.7512	0.17714
3.7539	0.17723
3.7566	0.17727
3.7593	0.17730
3.7621	0.17735
3.7648	0.17749
3.7675	0.17748
3.7703	0.17744
3.773	0.17749
3.7758	0.17758
3.7785	0.17757
3.7813	0.17765
3.784	0.17774
3.7868	0.17773
3.7896	0.17778
3.7923	0.17784
3.7951	0.17785
3.7979	0.17795
3.8007	0.17800
3.8035	0.17806
3.8063	0.17819
3.8091	0.17819
3.8119	0.17817
3.8147	0.17824
3.8175	0.17826
3.8203	0.17830
3.8231	0.17838
3.8259	0.17842
3.8288	0.17842
3.8316	0.17849
3.8344	0.17853
3.8373	0.17863
3.8401	0.17861
3.8429	0.17860
3.8458	0.17865
3.8487	0.17877
3.8515	0.17885
3.8544	0.17887
3.8572	0.17890
3.8601	0.17895
3.863	0.17903
3.8659	0.17909
3.8688	0.17911
3.8716	0.17910
3.8745	0.17915
3.8774	0.17925
3.8803	0.17925
3.8832	0.17935
3.8862	0.17943
3.8891	0.17944
3.892	0.17940
3.8949	0.17945
3.8978	0.17953
3.9008	0.17963
3.9037	0.17962
3.9067	0.17961
3.9096	0.17966
3.9126	0.17978
3.9155	0.17978
3.9185	0.17973
3.9214	0.17979
3.9244	0.17989
3.9274	0.17989
3.9304	0.17988
3.9333	0.17988
3.9363	0.17993
3.9393	0.17998
3.9423	0.17998
3.9453	0.17997
3.9483	0.18002
3.9513	0.18004
3.9543	0.18010
3.9574	0.18016
3.9604	0.18022
3.9634	0.18022
3.9664	0.18027
3.9695	0.18037
3.9725	0.18039
3.9756	0.18036
3.9786	0.18044
3.9817	0.18046
3.9847	0.18044
3.9878	0.18050
3.9909	0.18061
3.9939	0.18062
3.997	0.18063
4.0001	0.18066
4.0032	0.18068
4.0063	0.18071
4.0094	0.18080
4.0125	0.18085
4.0156	0.18088
4.0187	0.18092
4.0218	0.18089
4.0249	0.18084
4.0281	0.18091
4.0312	0.18102
4.0343	0.18098
4.0375	0.18091
4.0406	0.18096
4.0438	0.18100
4.0469	0.18110
4.0501	0.18117
4.0533	0.18119
4.0564	0.18118
4.0596	0.18119
4.0628	0.18121
4.066	0.18125
4.0692	0.18132
4.0724	0.18138
4.0756	0.18143
4.0788	0.18148
4.082	0.18152
4.0852	0.18157
4.0884	0.18164
4.0917	0.18164
4.0949	0.18165
4.0981	0.18173
4.1014	0.18173
4.1046	0.18173
4.1079	0.18177
4.1111	0.18186
4.1144	0.18186
4.1177	0.18186
4.1209	0.18192
4.1242	0.18192
4.1275	0.18196
4.1308	0.18198
4.1341	0.18194
4.1374	0.18198
4.1407	0.18200
4.144	0.18204
4.1473	0.18208
4.1506	0.18210
4.154	0.18216
4.1573	0.18223
4.1606	0.18225
4.164	0.18231
4.1673	0.18232
4.1707	0.18235
4.174	0.18238
4.1774	0.18236
4.1808	0.18234
4.1841	0.18237
4.1875	0.18239
4.1909	0.18247
4.1943	0.18243
4.1977	0.18244
4.2011	0.18250
4.2045	0.18252
4.2079	0.18253
4.2113	0.18258
4.2147	0.18258
4.2182	0.18266
4.2216	0.18283
4.225	0.18298
4.2285	0.18306
4.2319	0.18318
4.2354	0.18324
4.2389	0.18322
4.2423	0.18326
4.2458	0.18335
4.2493	0.18325
4.2528	0.18312
4.2563	0.18313
4.2598	0.18307
4.2633	0.18301
4.2668	0.18313
4.2703	0.18324
4.2738	0.18328
4.2773	0.18334
4.2809	0.18345
4.2844	0.18346
4.288	0.18345
4.2915	0.18349
4.2951	0.18351
4.2986	0.18346
4.3022	0.18346
4.3058	0.18340
4.3093	0.18340
4.3129	0.18343
4.3165	0.18340
4.3201	0.18334
4.3237	0.18334
4.3273	0.18334
4.3309	0.18330
4.3346	0.18327
4.3382	0.18329
4.3418	0.18330
4.3455	0.18332
4.3491	0.18335
4.3528	0.18341
4.3564	0.18339
4.3601	0.18338
4.3638	0.18342
4.3674	0.18340
4.3711	0.18336
4.3748	0.18337
4.3785	0.18340
4.3822	0.18339
4.3859	0.18337
4.3896	0.18338
4.3933	0.18339
4.3971	0.18336
4.4008	0.18338
4.4045	0.18348
4.4083	0.18341
4.412	0.18333
4.4158	0.18335
4.4196	0.18338
4.4233	0.18339
4.4271	0.18348
4.4309	0.18354
4.4347	0.18354
4.4385	0.18355
4.4423	0.18349
4.4461	0.18345
4.4499	0.18348
4.4537	0.18346
4.4576	0.18350
4.4614	0.18347
4.4652	0.18343
4.4691	0.18347
4.4729	0.18349
4.4768	0.18349
4.4807	0.18348
4.4845	0.18344
4.4884	0.18346
4.4923	0.18340
4.4962	0.18332
4.5001	0.18332
4.504	0.18331
4.5079	0.18325
4.5119	0.18318
4.5158	0.18314
4.5197	0.18314
4.5237	0.18306
4.5276	0.18299
4.5316	0.18290
4.5356	0.18287
4.5395	0.18284
4.5435	0.18276
4.5475	0.18261
4.5515	0.18253
4.5555	0.18248
4.5595	0.18239
4.5635	0.18229
4.5675	0.18215
4.5715	0.18203
4.5756	0.18196
4.5796	0.18180
4.5837	0.18168
4.5877	0.18154
4.5918	0.18136
4.5959	0.18121
4.5999	0.18109
4.604	0.18096
4.6081	0.18078
4.6122	0.18061
4.6163	0.18039
4.6204	0.18018
4.6246	0.18001
4.6287	0.17980
4.6328	0.17958
4.637	0.17935
4.6411	0.17913
4.6453	0.17892
4.6494	0.17869
4.6536	0.17848
4.6578	0.17822
4.662	0.17792
4.6662	0.17772
4.6704	0.17749
4.6746	0.17721
4.6788	0.17695
4.683	0.17673
4.6873	0.17646
4.6915	0.17618
4.6958	0.17590
4.7	0.17563
4.7043	0.17536
4.7086	0.17512
4.7129	0.17486
4.7171	0.17458
4.7214	0.17429
4.7257	0.17400
4.7301	0.17368
4.7344	0.17337
4.7387	0.17308
4.743	0.17281
4.7474	0.17254
4.7517	0.17228
4.7561	0.17196
4.7605	0.17162
4.7648	0.17138
4.7692	0.17114
4.7736	0.17081
4.778	0.17051
4.7824	0.17026
4.7868	0.17002
4.7913	0.16972
4.7957	0.16941
4.8001	0.16911
4.8046	0.16888
4.809	0.16862
4.8135	0.16829
4.818	0.16796
4.8225	0.16765
4.8269	0.16732
4.8314	0.16701
4.8359	0.16669
4.8405	0.16637
4.845	0.16602
4.8495	0.16571
4.8541	0.16536
4.8586	0.16499
4.8632	0.16462
4.8677	0.16430
4.8723	0.16397
4.8769	0.16361
4.8815	0.16326
4.8861	0.16289
4.8907	0.16250
4.8953	0.16211
4.8999	0.16175
4.9046	0.16142
4.9092	0.16102
4.9139	0.16061
4.9185	0.16019
4.9232	0.15984
4.9279	0.15942
4.9326	0.15897
4.9373	0.15855
4.942	0.15810
4.9467	0.15770
4.9514	0.15732
4.9562	0.15691
4.9609	0.15652
4.9656	0.15616
4.9704	0.15577
4.9752	0.15538
4.98	0.15498
4.9847	0.15456
4.9895	0.15418
4.9943	0.15381
4.9992	0.15349
5.004	0.15311
5.0088	0.15271
5.0137	0.15234
5.0185	0.15199
5.0234	0.15163
5.0283	0.15129
5.0331	0.15095
5.038	0.15060
5.0429	0.15022
5.0478	0.14981
5.0528	0.14943
5.0577	0.14907
5.0626	0.14873
5.0676	0.14844
5.0725	0.14815
5.0775	0.14785
5.0825	0.14751
5.0875	0.14719
5.0925	0.14692
5.0975	0.14667
5.1025	0.14640
5.1075	0.14614
5.1126	0.14585
5.1176	0.14559
5.1227	0.14531
5.1277	0.14504
5.1328	0.14478
5.1379	0.14451
5.143	0.14423
5.1481	0.14392
5.1532	0.14364
5.1583	0.14340
5.1635	0.14314
5.1686	0.14285
5.1738	0.14257
5.179	0.14232
5.1841	0.14204
5.1893	0.14175
5.1945	0.14143
5.1997	0.14117
5.205	0.14095
5.2102	0.14070
5.2154	0.14045
5.2207	0.14021
5.2259	0.13988
5.2312	0.13960
5.2365	0.13936
5.2418	0.13909
5.2471	0.13879
5.2524	0.13850
5.2577	0.13820
5.2631	0.13798
5.2684	0.13776
5.2738	0.13754
5.2792	0.13731
5.2845	0.13710
5.2899	0.13691
5.2953	0.13684
5.3008	0.13677
5.3062	0.13667
5.3116	0.13656
5.3171	0.13646
5.3225	0.13644
5.328	0.13648
5.3335	0.13649
5.339	0.13652
5.3445	0.13657
5.35	0.13665
5.3555	0.13671
5.361	0.13675
5.3666	0.13681
5.3722	0.13696
5.3777	0.13709
5.3833	0.13722
5.3889	0.13732
5.3945	0.13742
5.4001	0.13751
5.4058	0.13757
5.4114	0.13760
5.4171	0.13768
5.4227	0.13775
5.4284	0.13786
5.4341	0.13790
5.4398	0.13790
5.4455	0.13797
5.4512	0.13803
5.457	0.13811
5.4627	0.13818
5.4685	0.13828
5.4743	0.13835
5.4801	0.13836
5.4859	0.13851
5.4917	0.13866
5.4975	0.13873
5.5033	0.13882
5.5092	0.13896
5.515	0.13900
5.5209	0.13903
5.5268	0.13906
5.5327	0.13915
5.5386	0.13919
5.5445	0.13909
5.5505	0.13903
5.5564	0.13902
5.5624	0.13893
5.5684	0.13884
5.5743	0.13874
5.5803	0.13865
5.5864	0.13853
5.5924	0.13829
5.5984	0.13800
5.6045	0.13771
5.6105	0.13747
5.6166	0.13723
5.6227	0.13700
5.6288	0.13672
5.6349	0.13647
5.6411	0.13626
5.6472	0.13607
5.6534	0.13590
5.6595	0.13571
5.6657	0.13554
5.6719	0.13536
5.6781	0.13525
5.6844	0.13520
5.6906	0.13512
5.6969	0.13506
5.7031	0.13503
5.7094	0.13500
5.7157	0.13503
5.722	0.13502
5.7283	0.13494
5.7347	0.13481
5.741	0.13473
5.7474	0.13462
5.7538	0.13447
5.7601	0.13422
5.7666	0.13397
5.773	0.13381
5.7794	0.13358
5.7859	0.13322
5.7923	0.13293
5.7988	0.13264
5.8053	0.13229
5.8118	0.13191
5.8183	0.13152
5.8249	0.13120
5.8314	0.13096
5.838	0.13062
5.8446	0.13028
5.8512	0.12990
5.8578	0.12956
5.8644	0.12922
5.871	0.12882
5.8777	0.12838
5.8844	0.12805
5.8911	0.12776
5.8978	0.12728
5.9045	0.12688
5.9112	0.12638
5.918	0.12585
5.9247	0.12538
5.9315	0.12490
5.9383	0.12447
5.9451	0.12406
5.9519	0.12354
5.9588	0.12300
5.9656	0.12251
5.9725	0.12208
5.9794	0.12165
5.9863	0.12115
5.9932	0.12068
6.0002	0.12025
6.0071	0.11983
6.0141	0.11946
6.0211	0.11919
6.0281	0.11894
6.0351	0.11871
6.0421	0.11851
6.0492	0.11835
6.0562	0.11840
6.0633	0.11837
6.0704	0.11817
6.0775	0.11806
6.0847	0.11802
6.0918	0.11794
6.099	0.11782
6.1062	0.11775
6.1134	0.11768
6.1206	0.11769
6.1278	0.11756
6.1351	0.11739
6.1423	0.11728
6.1496	0.11721
6.1569	0.11710
6.1643	0.11695
6.1716	0.11685
6.1789	0.11672
6.1863	0.11662
6.1937	0.11655
6.2011	0.11638
6.2085	0.11624
6.216	0.11615
6.2235	0.11604
6.2309	0.11595
6.2384	0.11589
6.2459	0.11583
6.2535	0.11580
6.261	0.11580
6.2686	0.11581
6.2762	0.11583
6.2838	0.11584
6.2914	0.11585
6.2991	0.11588
6.3067	0.11591
6.3144	0.11596
6.3221	0.11602
6.3298	0.11607
6.3376	0.11608
6.3453	0.11616
6.3531	0.11632
6.3609	0.11635
6.3687	0.11632
6.3765	0.11636
6.3844	0.11643
6.3923	0.11640
6.4002	0.11645
6.4081	0.11650
6.416	0.11659
6.424	0.11674
6.4319	0.11670
6.4399	0.11659
6.4479	0.11652
6.456	0.11647
6.464	0.11648
6.4721	0.11639
6.4802	0.11629
6.4883	0.11626
6.4964	0.11630
6.5046	0.11635
6.5127	0.11627
6.5209	0.11619
6.5291	0.11623
6.5374	0.11623
6.5456	0.11615
6.5539	0.11609
6.5622	0.11614
6.5705	0.11619
6.5789	0.11626
6.5872	0.11628
6.5956	0.11624
6.604	0.11628
6.6124	0.11630
6.6209	0.11629
6.6293	0.11625
6.6378	0.11627
6.6463	0.11633
6.6549	0.11628
6.6634	0.11623
6.672	0.11625
6.6806	0.11630
6.6892	0.11640
6.6978	0.11642
6.7065	0.11641
6.7152	0.11648
6.7239	0.11654
6.7326	0.11659
6.7414	0.11658
6.7502	0.11661
6.759	0.11670
6.7678	0.11668
6.7766	0.11659
6.7855	0.11649
6.7944	0.11646
6.8033	0.11635
6.8123	0.11614
6.8212	0.11596
6.8302	0.11581
6.8392	0.11564
6.8483	0.11541
6.8573	0.11522
6.8664	0.11515
6.8755	0.11504
6.8846	0.11475
6.8938	0.11450
6.903	0.11428
6.9122	0.11406
6.9214	0.11381
6.9307	0.11351
6.9399	0.11323
6.9492	0.11292
6.9586	0.11258
6.9679	0.11228
6.9773	0.11195
6.9867	0.11158
6.9961	0.11119
7.0056	0.11076
7.0151	0.11031
7.0246	0.10995
7.0341	0.10964
7.0437	0.10933
7.0532	0.10903
7.0629	0.10865
7.0725	0.10827
7.0822	0.10787
7.0918	0.10750
7.1016	0.10706
7.1113	0.10663
7.1211	0.10626
7.1309	0.10585
7.1407	0.10542
7.1505	0.10503
7.1604	0.10466
7.1703	0.10424
7.1802	0.10381
7.1902	0.10338
7.2002	0.10294
7.2102	0.10252
7.2202	0.10208
7.2303	0.10156
7.2404	0.10101
7.2505	0.10050
7.2607	0.10002
7.2709	0.09951
7.2811	0.09900
7.2913	0.09848
7.3016	0.09794
7.3119	0.09742
7.3222	0.09688
7.3326	0.09631
7.343	0.09573
7.3534	0.09518
7.3638	0.09454
7.3743	0.09382
7.3848	0.09314
7.3953	0.09248
7.4059	0.09182
7.4165	0.09118
7.4271	0.09049
7.4378	0.08981
7.4485	0.08910
7.4592	0.08838
7.4699	0.08762
7.4807	0.08688
7.4915	0.08613
7.5024	0.08536
7.5132	0.08454
7.5241	0.08377
7.5351	0.08303
7.546	0.08226
7.557	0.08145
7.5681	0.08065
7.5791	0.07983
7.5902	0.07905
7.6014	0.07821
7.6125	0.07740
7.6237	0.07658
7.635	0.07576
7.6462	0.07491
7.6575	0.07403
7.6688	0.07312
7.6802	0.07222
7.6916	0.07130
7.703	0.07033
7.7145	0.06938
7.726	0.06846
7.7375	0.06750
7.7491	0.06651
7.7607	0.06546
7.7723	0.06442
7.784	0.06337
7.7957	0.06229
7.8074	0.06120
7.8192	0.06014
7.831	0.05907
7.8429	0.05791
7.8548	0.05676
7.8667	0.05565
7.8786	0.05449
7.8906	0.05333
7.9026	0.05215
7.9147	0.05093
7.9268	0.04962
7.939	0.04836
7.9511	0.04706
7.9633	0.04578
7.9756	0.04453
7.9879	0.04326
8.0002	0.04195
8.0126	0.04070
8.025	0.03939
8.0374	0.03812
8.0499	0.03686
8.0624	0.03565
8.075	0.03442
8.0876	0.03329
8.1002	0.03219
8.1129	0.03115
8.1256	0.03013
8.1384	0.02913
8.1512	0.02820
8.164	0.02738
8.1769	0.02653
8.1898	0.02578
8.2027	0.02506
8.2157	0.02438
8.2288	0.02380
8.2419	0.02325
8.255	0.02272
8.2682	0.02223
8.2814	0.02181
8.2946	0.02150
8.3079	0.02119
8.3212	0.02091
8.3346	0.02065
8.348	0.02043
8.3615	0.02021
8.375	0.02007
8.3886	0.01994
8.4022	0.01987
8.4158	0.01986
8.4295	0.01987
8.4432	0.01990
8.457	0.02000
8.4708	0.02011
8.4847	0.02022
8.4986	0.02034
8.5125	0.02044
8.5265	0.02052
8.5406	0.02066
8.5547	0.02082
8.5688	0.02098
8.583	0.02115
8.5972	0.02138
8.6115	0.02157
8.6258	0.02180
8.6402	0.02207
8.6546	0.02241
8.6691	0.02275
8.6836	0.02311
8.6982	0.02349
8.7128	0.02396
8.7275	0.02448
8.7422	0.02505
8.757	0.02560
8.7718	0.02619
8.7867	0.02681
8.8016	0.02749
8.8166	0.02818
8.8316	0.02887
8.8466	0.02949
8.8618	0.03014
8.8769	0.03078
8.8922	0.03141
8.9074	0.03213
8.9228	0.03281
8.9382	0.03341
8.9536	0.03399
8.9691	0.03461
8.9846	0.03516
9.0002	0.03569
9.0159	0.03621
9.0316	0.03659
9.0474	0.03698
9.0632	0.03735
9.079	0.03771
9.095	0.03796
9.111	0.03815
9.127	0.03831
9.1431	0.03848
9.1593	0.03858
9.1755	0.03863
9.1917	0.03870
9.2081	0.03885
9.2244	0.03894
9.2409	0.03904
9.2574	0.03914
9.2739	0.03921
9.2906	0.03933
9.3072	0.03943
9.324	0.03948
9.3408	0.03955
9.3576	0.03959
9.3746	0.03958
9.3915	0.03958
9.4086	0.03961
9.4257	0.03962
9.4429	0.03964
9.4601	0.03966
9.4774	0.03967
9.4948	0.03974
9.5122	0.03980
9.5297	0.03986
9.5472	0.03998
9.5648	0.04008
9.5825	0.04017
9.6003	0.04021
9.6181	0.04026
9.6359	0.04037
9.6539	0.04048
9.6719	0.04053
9.69	0.04060
9.7081	0.04074
9.7263	0.04083
9.7446	0.04093
9.763	0.04105
9.7814	0.04108
9.7999	0.04117
9.8184	0.04126
9.8371	0.04141
9.8558	0.04156
9.8745	0.04166
9.8934	0.04167
9.9123	0.04171
9.9313	0.04180
9.9504	0.04186
9.9695	0.04193
9.9887	0.04204
10.008	0.04213
10.0273	0.04213
10.0468	0.04212
10.0663	0.04220
10.0859	0.04225
10.1055	0.04222
10.1253	0.04222
10.1451	0.04228
10.165	0.04226
10.1849	0.04222
10.205	0.04224
10.2251	0.04236
10.2453	0.04254
10.2656	0.04281
10.286	0.04308
10.3064	0.04344
10.327	0.04385
10.3476	0.04430
10.3683	0.04470
10.389	0.04510
10.4099	0.04540
10.4309	0.04568
10.4519	0.04587
10.473	0.04602
10.4942	0.04616
10.5155	0.04623
10.5369	0.04622
10.5583	0.04629
10.5799	0.04646
10.6015	0.04667
10.6232	0.04689
10.645	0.04708
10.6669	0.04721
10.6889	0.04730
10.711	0.04743
10.7332	0.04759
10.7555	0.04771
10.7778	0.04777
10.8003	0.04777
10.8228	0.04776
10.8455	0.04775
10.8682	0.04767
10.891	0.04751
10.914	0.04735
10.937	0.04715
10.9601	0.04693
10.9833	0.04672
11.0067	0.04656
11.0301	0.04640
11.0536	0.04620
11.0772	0.04597
11.1009	0.04577
11.1248	0.04563
11.1487	0.04558
11.1727	0.04552
11.1968	0.04538
11.2211	0.04526
11.2454	0.04514
11.2699	0.04500
11.2944	0.04485
11.3191	0.04468
11.3438	0.04448
11.3687	0.04414
11.3937	0.04379
11.4188	0.04355
11.444	0.04322
11.4693	0.04277
11.4948	0.04236
11.5203	0.04195
11.546	0.04156
11.5717	0.04112
11.5976	0.04061
11.6236	0.04005
11.6497	0.03948
11.676	0.03890
11.7023	0.03833
11.7288	0.03780
11.7554	0.03735
11.7821	0.03691
11.809	0.03648
11.8359	0.03602
11.863	0.03554
11.8902	0.03503
11.9176	0.03469
11.945	0.03438
11.9726	0.03408
12.0003	0.03378
12.0282	0.03355
12.0561	0.03337
12.0842	0.03316
12.1125	0.03288
12.1408	0.03265
12.1693	0.03235
12.198	0.03210
12.2267	0.03190
12.2556	0.03164
12.2847	0.03127
12.3139	0.03096
12.3432	0.03075
12.3726	0.03045
12.4022	0.03005
12.432	0.02976
12.4619	0.02947
12.4919	0.02919
12.5221	0.02881
12.5524	0.02855
12.5829	0.02827
12.6135	0.02795
12.6442	0.02767
12.6751	0.02736
12.7062	0.02711
12.7374	0.02694
12.7688	0.02673
12.8003	0.02646
12.832	0.02615
12.8639	0.02596
12.8959	0.02586
12.928	0.02578
12.9603	0.02570
12.9928	0.02567
13.0255	0.02564
13.0583	0.02553
13.0913	0.02549
13.1244	0.02553
13.1577	0.02556
13.1912	0.02555
13.2248	0.02560
13.2587	0.02568
13.2927	0.02567
13.3268	0.02572
13.3612	0.02580
13.3957	0.02584
13.4304	0.02581
13.4653	0.02582
13.5004	0.02583
13.5356	0.02582
13.571	0.02583
13.6067	0.02593
13.6425	0.02594
13.6785	0.02600
13.7146	0.02613
13.751	0.02627
13.7876	0.02646
13.8244	0.02663
13.8613	0.02669
13.8985	0.02676
13.9358	0.02678
13.9734	0.02689
14.0112	0.02698
14.0491	0.02690
14.0873	0.02669
14.1257	0.02662
14.1643	0.02660
14.2031	0.02650
14.2421	0.02639
14.2814	0.02634
14.3208	0.02624
14.3605	0.02616
14.4004	0.02607
14.4405	0.02589
14.4808	0.02576
14.5214	0.02578
14.5622	0.02571
14.6032	0.02559
14.6444	0.02549
14.6859	0.02543
14.7277	0.02527
14.7696	0.02505
14.8118	0.02496
14.8543	0.02506
14.8969	0.02503
14.9399	0.02501
14.983	0.02511
15.0265	0.02511
15.0702	0.02491
15.1141	0.02486
15.1583	0.02486
15.2027	0.02488
15.2475	0.02486
15.2924	0.02479
15.3377	0.02484
15.3832	0.02502
15.429	0.02522
15.475	0.02545
15.5214	0.02581
15.568	0.02628
15.6149	0.02667
15.662	0.02708
15.7095	0.02749
15.7572	0.02785
15.8053	0.02815
15.8536	0.02844
15.9023	0.02872
15.9512	0.02902
16.0004	0.02921
16.05	0.02927
16.0998	0.02936
16.15	0.02951
16.2004	0.02964
16.2512	0.02979
16.3023	0.02987
16.3537	0.03012
16.4055	0.03042
16.4576	0.03072
16.51	0.03101
16.5627	0.03142
16.6158	0.03182
16.6692	0.03227
16.723	0.03273
16.7771	0.03314
16.8316	0.03352
16.8864	0.03408
16.9416	0.03467
16.9972	0.03522
17.0531	0.03565
17.1094	0.03603
17.166	0.03646
17.223	0.03695
17.2805	0.03753
17.3382	0.03801
17.3964	0.03857
17.455	0.03921
17.514	0.03979
17.5733	0.04047
17.6331	0.04121
17.6933	0.04187
17.7539	0.04228
17.8149	0.04274
17.8763	0.04315
17.9382	0.04359
18.0005	0.04410
18.0632	0.04439
18.1263	0.04487
18.1899	0.04563
18.254	0.04637
18.3185	0.04714
18.3835	0.04782
18.4489	0.04842
18.5148	0.04915
18.5811	0.04987
18.648	0.05029
18.7153	0.05061
18.7831	0.05078
18.8514	0.05102
18.9202	0.05118
18.9895	0.05137
19.0593	0.05165
19.1297	0.05191
19.2005	0.05231
19.2719	0.05268
19.3438	0.05289
19.4162	0.05308
19.4892	0.05331
19.5628	0.05368
19.6369	0.05398
19.7115	0.05379
19.7868	0.05349
19.8626	0.05368
19.939	0.05361
20.016	0.05336
20.0935	0.05324
20.1717	0.05291
20.2505	0.05237
20.3299	0.05242
20.41	0.05242
20.4907	0.05227
20.572	0.05219
20.6539	0.05233
20.7365	0.05230
20.8198	0.05203
20.9038	0.05156
20.9884	0.05142
21.0737	0.05150
21.1597	0.05146
21.2465	0.05108
21.3339	0.05050
21.422	0.05027
21.5109	0.05033
21.6006	0.04985
21.6909	0.04946
21.7821	0.04908
21.874	0.04843
21.9667	0.04790
22.0601	0.04766
22.1544	0.04731
22.2495	0.04726
22.3454	0.04703
22.4421	0.04652
22.5397	0.04631
22.6381	0.04621
22.7374	0.04594
22.8376	0.04591
22.9387	0.04613
23.0406	0.04661
23.1435	0.04656
23.2472	0.04638
23.352	0.04724
23.4576	0.04778
23.5643	0.04835
23.6718	0.04868
23.7804	0.04828
23.89	0.04806
24.0006	0.04848
24.1123	0.04849
24.2249	0.04874
24.3387	0.04987
24.4535	0.05035
24.5694	0.04991
24.6864	0.04938
24.8045	0.05049
24.9237	0.05218
25.0441	0.05194
25.1657	0.05020
25.2885	0.04927
25.4124	0.04971
25.5376	0.05076
25.664	0.05176
25.7917	0.05252
25.9207	0.05370
