Brown University Keck/NASA Relab Spectrum LR-CMP-026/LALR26
Wavelength(micron)	Reflectance
0.3	0.04515
0.305	0.04492
0.31	0.04570
0.315	0.04686
0.32	0.04772
0.325	0.04855
0.33	0.04933
0.335	0.05024
0.34	0.05086
0.345	0.05149
0.35	0.05312
0.355	0.05427
0.36	0.05566
0.365	0.05714
0.37	0.05826
0.375	0.05940
0.38	0.06085
0.385	0.06162
0.39	0.06280
0.395	0.06380
0.4	0.06482
0.405	0.06564
0.41	0.06720
0.415	0.06753
0.42	0.06798
0.425	0.06856
0.43	0.06871
0.435	0.06935
0.44	0.06952
0.445	0.06988
0.45	0.06994
0.455	0.07040
0.46	0.07078
0.465	0.07107
0.47	0.07128
0.475	0.07157
0.48	0.07202
0.485	0.07244
0.49	0.07316
0.495	0.07318
0.5	0.07351
0.505	0.07370
0.51	0.07419
0.515	0.07484
0.52	0.07553
0.525	0.07633
0.53	0.07670
0.535	0.07717
0.54	0.07733
0.545	0.07766
0.55	0.07832
0.555	0.07891
0.56	0.07940
0.565	0.07989
0.57	0.08040
0.575	0.08089
0.58	0.08164
0.585	0.08194
0.59	0.08249
0.595	0.08305
0.6	0.08360
0.605	0.08418
0.61	0.08463
0.615	0.08529
0.62	0.08576
0.625	0.08633
0.63	0.08687
0.635	0.08740
0.64	0.08807
0.645	0.08863
0.65	0.08911
0.655	0.08947
0.66	0.09009
0.665	0.09074
0.67	0.09140
0.675	0.09189
0.68	0.09267
0.685	0.09336
0.69	0.09391
0.695	0.09413
0.7	0.09484
0.705	0.09563
0.71	0.09576
0.715	0.09689
0.72	0.09751
0.725	0.09823
0.73	0.09885
0.735	0.09944
0.74	0.09953
0.745	0.10033
0.75	0.10088
0.755	0.10139
0.76	0.10190
0.765	0.10227
0.77	0.10223
0.775	0.10279
0.78	0.10285
0.785	0.10305
0.79	0.10344
0.795	0.10338
0.8	0.10408
0.805	0.10336
0.81	0.10356
0.815	0.10332
0.82	0.10305
0.825	0.10286
0.83	0.10232
0.835	0.10211
0.84	0.10173
0.845	0.10122
0.85	0.10042
0.855	0.09952
0.86	0.09929
0.865	0.09856
0.87	0.09799
0.875	0.09757
0.88	0.09688
0.885	0.09663
0.89	0.09611
0.895	0.09544
0.9	0.09533
0.905	0.09475
0.91	0.09395
0.915	0.09397
0.92	0.09397
0.925	0.09342
0.93	0.09306
0.935	0.09300
0.94	0.09271
0.945	0.09274
0.95	0.09265
0.955	0.09254
0.96	0.09262
0.965	0.09267
0.97	0.09263
0.975	0.09263
0.98	0.09262
0.985	0.09304
0.99	0.09324
0.995	0.09315
1	0.09315
1.005	0.09353
1.01	0.09373
1.015	0.09416
1.02	0.09453
1.025	0.09481
1.03	0.09513
1.035	0.09589
1.04	0.09648
1.045	0.09680
1.05	0.09748
1.055	0.09814
1.06	0.09870
1.065	0.09954
1.07	0.10029
1.075	0.10096
1.08	0.10187
1.085	0.10248
1.09	0.10344
1.095	0.10439
1.1	0.10520
1.105	0.10581
1.11	0.10703
1.115	0.10771
1.12	0.10860
1.125	0.10935
1.13	0.11019
1.135	0.11080
1.14	0.11155
1.145	0.11228
1.15	0.11294
1.155	0.11351
1.16	0.11391
1.165	0.11426
1.17	0.11479
1.175	0.11514
1.18	0.11570
1.185	0.11602
1.19	0.11639
1.195	0.11667
1.2	0.11693
1.205	0.11731
1.21	0.11754
1.215	0.11816
1.22	0.11854
1.225	0.11853
1.23	0.11878
1.235	0.11906
1.24	0.11929
1.245	0.11962
1.25	0.11914
1.255	0.11953
1.26	0.11968
1.265	0.12036
1.27	0.12067
1.275	0.12083
1.28	0.12138
1.285	0.12157
1.29	0.12189
1.295	0.12237
1.3	0.12298
1.305	0.12359
1.31	0.12390
1.315	0.12419
1.32	0.12451
1.325	0.12508
1.33	0.12551
1.335	0.12618
1.34	0.12632
1.345	0.12675
1.35	0.12728
1.355	0.12733
1.36	0.12730
1.365	0.12857
1.37	0.12916
1.375	0.12930
1.38	0.12897
1.385	0.13100
1.39	0.13116
1.395	0.13091
1.4	0.13137
1.405	0.13203
1.41	0.13287
1.415	0.13330
1.42	0.13361
1.425	0.13413
1.43	0.13438
1.435	0.13493
1.44	0.13537
1.445	0.13575
1.45	0.13627
1.455	0.13635
1.46	0.13672
1.465	0.13736
1.47	0.13756
1.475	0.13793
1.48	0.13833
1.485	0.13850
1.49	0.13881
1.495	0.13924
1.5	0.13938
1.505	0.13932
1.51	0.13982
1.515	0.14014
1.52	0.14055
1.525	0.14060
1.53	0.14090
1.535	0.14100
1.54	0.14125
1.545	0.14150
1.55	0.14197
1.555	0.14206
1.56	0.14227
1.565	0.14231
1.57	0.14246
1.575	0.14251
1.58	0.14267
1.585	0.14279
1.59	0.14296
1.595	0.14296
1.6	0.14313
1.605	0.14359
1.61	0.14371
1.615	0.14386
1.62	0.14397
1.625	0.14404
1.63	0.14373
1.635	0.14421
1.64	0.14447
1.645	0.14488
1.65	0.14504
1.655	0.14497
1.66	0.14573
1.665	0.14625
1.67	0.14643
1.675	0.14625
1.68	0.14659
1.685	0.14658
1.69	0.14658
1.695	0.14666
1.7	0.14786
1.705	0.14745
1.71	0.14755
1.715	0.14740
1.72	0.14747
1.725	0.14773
1.73	0.14774
1.735	0.14783
1.74	0.14780
1.745	0.14778
1.75	0.14808
1.755	0.14810
1.76	0.14813
1.765	0.14835
1.77	0.14832
1.775	0.14857
1.78	0.14860
1.785	0.14859
1.79	0.14897
1.795	0.14897
1.8	0.14917
1.805	0.14957
1.81	0.14947
1.815	0.14964
1.82	0.14981
1.825	0.14986
1.83	0.15030
1.835	0.14992
1.84	0.15121
1.845	0.15055
1.85	0.15106
1.855	0.15096
1.86	0.15152
1.865	0.15073
1.87	0.15129
1.875	0.15198
1.88	0.15230
1.885	0.15203
1.89	0.15250
1.895	0.15227
1.9	0.15222
1.905	0.15304
1.91	0.15333
1.915	0.15368
1.92	0.15388
1.925	0.15402
1.93	0.15407
1.935	0.15380
1.94	0.15454
1.945	0.15454
1.95	0.15466
1.955	0.15490
1.96	0.15512
1.965	0.15565
1.97	0.15563
1.975	0.15581
1.98	0.15582
1.985	0.15662
1.99	0.15674
1.995	0.15710
2	0.15749
2.005	0.15732
2.01	0.15787
2.015	0.15804
2.02	0.15854
2.025	0.15854
2.03	0.15875
2.035	0.15902
2.04	0.15940
2.045	0.15954
2.05	0.15953
2.055	0.15976
2.06	0.15999
2.065	0.16018
2.07	0.16040
2.075	0.16102
2.08	0.16141
2.085	0.16164
2.09	0.16176
2.095	0.16180
2.1	0.16246
2.105	0.16294
2.11	0.16299
2.115	0.16315
2.12	0.16344
2.125	0.16353
2.13	0.16404
2.135	0.16402
2.14	0.16409
2.145	0.16415
2.15	0.16466
2.155	0.16514
2.16	0.16527
2.165	0.16584
2.17	0.16608
2.175	0.16649
2.18	0.16672
2.185	0.16736
2.19	0.16759
2.195	0.16772
2.2	0.16825
2.205	0.16888
2.21	0.16942
2.215	0.16986
2.22	0.17026
2.225	0.17041
2.23	0.17091
2.235	0.17151
2.24	0.17191
2.245	0.17198
2.25	0.17245
2.255	0.17284
2.26	0.17316
2.265	0.17381
2.27	0.17417
2.275	0.17436
2.28	0.17498
2.285	0.17508
2.29	0.17548
2.295	0.17606
2.3	0.17699
2.305	0.17715
2.31	0.17773
2.315	0.17808
2.32	0.17845
2.325	0.17881
2.33	0.17892
2.335	0.17912
2.34	0.17961
2.345	0.17991
2.35	0.18005
2.355	0.18066
2.36	0.18106
2.365	0.18144
2.37	0.18176
2.375	0.18201
2.38	0.18249
2.385	0.18274
2.39	0.18328
2.395	0.18393
2.4	0.18460
2.405	0.18525
2.41	0.18519
2.415	0.18563
2.42	0.18672
2.425	0.18747
2.43	0.18785
2.435	0.18792
2.44	0.18899
2.445	0.18918
2.45	0.18986
2.455	0.19038
2.46	0.19089
2.465	0.19144
2.47	0.19187
2.475	0.19362
2.48	0.19362
2.485	0.19417
2.49	0.19478
2.495	0.19537
2.5	0.19569
2.502	0.19590
2.5032	0.19572
2.5044	0.19549
2.5056	0.19550
2.5068	0.19550
2.508	0.19546
2.5093	0.19601
2.5105	0.19639
2.5117	0.19651
2.5129	0.19737
2.5141	0.19769
2.5153	0.19718
2.5166	0.19668
2.5178	0.19692
2.519	0.19782
2.5202	0.19819
2.5215	0.19778
2.5227	0.19761
2.5239	0.19761
2.5252	0.19761
2.5264	0.19759
2.5276	0.19761
2.5288	0.19784
2.5301	0.19827
2.5313	0.19849
2.5326	0.19904
2.5338	0.19882
2.535	0.19840
2.5363	0.19807
2.5375	0.19801
2.5388	0.19837
2.54	0.19880
2.5412	0.19881
2.5425	0.19873
2.5437	0.19911
2.545	0.19949
2.5462	0.19942
2.5475	0.19991
2.5487	0.20005
2.55	0.19973
2.5512	0.19980
2.5525	0.20028
2.5538	0.20025
2.555	0.20002
2.5563	0.19997
2.5575	0.20038
2.5588	0.20073
2.5601	0.20053
2.5613	0.20071
2.5626	0.20133
2.5639	0.20159
2.5651	0.20174
2.5664	0.20127
2.5677	0.20087
2.5689	0.20136
2.5702	0.20166
2.5715	0.20167
2.5728	0.20163
2.574	0.20161
2.5753	0.20188
2.5766	0.20192
2.5779	0.20189
2.5792	0.20203
2.5805	0.20226
2.5817	0.20253
2.583	0.20237
2.5843	0.20267
2.5856	0.20344
2.5869	0.20310
2.5882	0.20307
2.5895	0.20352
2.5908	0.20319
2.5921	0.20267
2.5934	0.20286
2.5947	0.20310
2.596	0.20404
2.5973	0.20462
2.5986	0.20430
2.5999	0.20417
2.6012	0.20391
2.6025	0.20405
2.6038	0.20468
2.6051	0.20474
2.6064	0.20530
2.6077	0.20590
2.609	0.20531
2.6103	0.20555
2.6117	0.20588
2.613	0.20535
2.6143	0.20542
2.6156	0.20585
2.6169	0.20602
2.6183	0.20627
2.6196	0.20618
2.6209	0.20639
2.6222	0.20683
2.6236	0.20681
2.6249	0.20685
2.6262	0.20705
2.6275	0.20727
2.6289	0.20700
2.6302	0.20661
2.6315	0.20719
2.6329	0.20724
2.6342	0.20709
2.6356	0.20772
2.6369	0.20775
2.6382	0.20775
2.6396	0.20761
2.6409	0.20749
2.6423	0.20762
2.6436	0.20772
2.645	0.20760
2.6463	0.20763
2.6477	0.20821
2.649	0.20855
2.6504	0.20840
2.6517	0.20785
2.6531	0.20801
2.6544	0.20845
2.6558	0.20857
2.6572	0.20875
2.6585	0.20867
2.6599	0.20881
2.6613	0.20854
2.6626	0.20879
2.664	0.20905
2.6654	0.20904
2.6667	0.20901
2.6681	0.20882
2.6695	0.20836
2.6709	0.20818
2.6722	0.20896
2.6736	0.20870
2.675	0.20870
2.6764	0.20888
2.6778	0.20925
2.6791	0.20929
2.6805	0.20910
2.6819	0.20921
2.6833	0.20942
2.6847	0.20972
2.6861	0.20929
2.6875	0.20898
2.6889	0.20916
2.6903	0.20900
2.6917	0.20896
2.6931	0.20943
2.6945	0.20940
2.6959	0.20936
2.6973	0.20922
2.6987	0.20943
2.7001	0.20971
2.7015	0.20947
2.7029	0.20917
2.7043	0.20942
2.7057	0.20960
2.7071	0.20961
2.7085	0.20926
2.71	0.20914
2.7114	0.20954
2.7128	0.20972
2.7142	0.20929
2.7156	0.20944
2.7171	0.20973
2.7185	0.20972
2.7199	0.20956
2.7213	0.20923
2.7228	0.20911
2.7242	0.20920
2.7256	0.20980
2.7271	0.20998
2.7285	0.20960
2.7299	0.20912
2.7314	0.20885
2.7328	0.20873
2.7342	0.20865
2.7357	0.20900
2.7371	0.20908
2.7386	0.20870
2.74	0.20854
2.7415	0.20885
2.7429	0.20871
2.7444	0.20827
2.7458	0.20862
2.7473	0.20876
2.7487	0.20823
2.7502	0.20787
2.7517	0.20818
2.7531	0.20824
2.7546	0.20775
2.7561	0.20757
2.7575	0.20786
2.759	0.20803
2.7605	0.20808
2.7619	0.20754
2.7634	0.20709
2.7649	0.20744
2.7663	0.20755
2.7678	0.20690
2.7693	0.20679
2.7708	0.20702
2.7723	0.20672
2.7737	0.20645
2.7752	0.20643
2.7767	0.20656
2.7782	0.20664
2.7797	0.20624
2.7812	0.20551
2.7827	0.20552
2.7842	0.20566
2.7857	0.20543
2.7872	0.20549
2.7887	0.20568
2.7902	0.20554
2.7917	0.20512
2.7932	0.20472
2.7947	0.20479
2.7962	0.20469
2.7977	0.20472
2.7992	0.20508
2.8007	0.20521
2.8022	0.20496
2.8038	0.20478
2.8053	0.20456
2.8068	0.20445
2.8083	0.20434
2.8098	0.20439
2.8114	0.20465
2.8129	0.20479
2.8144	0.20442
2.8159	0.20434
2.8175	0.20406
2.819	0.20385
2.8205	0.20386
2.8221	0.20395
2.8236	0.20403
2.8251	0.20413
2.8267	0.20382
2.8282	0.20349
2.8298	0.20374
2.8313	0.20402
2.8329	0.20401
2.8344	0.20374
2.836	0.20376
2.8375	0.20381
2.8391	0.20376
2.8406	0.20365
2.8422	0.20361
2.8437	0.20371
2.8453	0.20361
2.8469	0.20354
2.8484	0.20382
2.85	0.20350
2.8516	0.20321
2.8531	0.20357
2.8547	0.20358
2.8563	0.20340
2.8578	0.20346
2.8594	0.20356
2.861	0.20373
2.8626	0.20389
2.8642	0.20405
2.8657	0.20375
2.8673	0.20369
2.8689	0.20389
2.8705	0.20424
2.8721	0.20420
2.8737	0.20403
2.8753	0.20388
2.8769	0.20408
2.8785	0.20442
2.8801	0.20443
2.8817	0.20450
2.8833	0.20482
2.8849	0.20490
2.8865	0.20496
2.8881	0.20483
2.8897	0.20475
2.8913	0.20486
2.8929	0.20503
2.8945	0.20504
2.8962	0.20483
2.8978	0.20478
2.8994	0.20473
2.901	0.20493
2.9027	0.20494
2.9043	0.20482
2.9059	0.20507
2.9075	0.20525
2.9092	0.20531
2.9108	0.20545
2.9124	0.20547
2.9141	0.20551
2.9157	0.20565
2.9174	0.20547
2.919	0.20548
2.9206	0.20554
2.9223	0.20567
2.9239	0.20586
2.9256	0.20601
2.9272	0.20568
2.9289	0.20541
2.9305	0.20565
2.9322	0.20572
2.9339	0.20583
2.9355	0.20605
2.9372	0.20610
2.9389	0.20580
2.9405	0.20561
2.9422	0.20599
2.9439	0.20619
2.9455	0.20614
2.9472	0.20610
2.9489	0.20611
2.9506	0.20620
2.9522	0.20633
2.9539	0.20630
2.9556	0.20628
2.9573	0.20644
2.959	0.20632
2.9607	0.20619
2.9624	0.20626
2.9641	0.20620
2.9658	0.20625
2.9674	0.20636
2.9691	0.20659
2.9709	0.20673
2.9726	0.20661
2.9743	0.20651
2.976	0.20643
2.9777	0.20622
2.9794	0.20611
2.9811	0.20644
2.9828	0.20665
2.9845	0.20646
2.9863	0.20649
2.988	0.20687
2.9897	0.20700
2.9914	0.20680
2.9931	0.20664
2.9949	0.20676
2.9966	0.20692
2.9983	0.20716
3.0001	0.20723
3.0018	0.20715
3.0036	0.20726
3.0053	0.20744
3.007	0.20704
3.0088	0.20693
3.0105	0.20707
3.0123	0.20724
3.014	0.20738
3.0158	0.20749
3.0175	0.20735
3.0193	0.20734
3.0211	0.20752
3.0228	0.20741
3.0246	0.20697
3.0263	0.20713
3.0281	0.20771
3.0299	0.20800
3.0317	0.20828
3.0334	0.20840
3.0352	0.20833
3.037	0.20821
3.0388	0.20811
3.0405	0.20834
3.0423	0.20845
3.0441	0.20838
3.0459	0.20822
3.0477	0.20804
3.0495	0.20810
3.0513	0.20871
3.0531	0.20890
3.0549	0.20857
3.0567	0.20855
3.0585	0.20867
3.0603	0.20889
3.0621	0.20895
3.0639	0.20896
3.0657	0.20895
3.0675	0.20875
3.0694	0.20859
3.0712	0.20866
3.073	0.20895
3.0748	0.20918
3.0766	0.20920
3.0785	0.20909
3.0803	0.20912
3.0821	0.20926
3.084	0.20921
3.0858	0.20929
3.0876	0.20952
3.0895	0.20963
3.0913	0.20950
3.0932	0.20930
3.095	0.20941
3.0969	0.20976
3.0987	0.21001
3.1006	0.20985
3.1024	0.20975
3.1043	0.20980
3.1061	0.20993
3.108	0.21007
3.1099	0.21013
3.1117	0.21020
3.1136	0.21024
3.1155	0.21000
3.1173	0.21033
3.1192	0.21067
3.1211	0.21089
3.123	0.21084
3.1249	0.21066
3.1267	0.21054
3.1286	0.21082
3.1305	0.21112
3.1324	0.21126
3.1343	0.21132
3.1362	0.21120
3.1381	0.21123
3.14	0.21165
3.1419	0.21168
3.1438	0.21168
3.1457	0.21157
3.1476	0.21163
3.1495	0.21175
3.1514	0.21188
3.1534	0.21194
3.1553	0.21212
3.1572	0.21249
3.1591	0.21248
3.1611	0.21241
3.163	0.21253
3.1649	0.21273
3.1669	0.21275
3.1688	0.21256
3.1707	0.21271
3.1727	0.21260
3.1746	0.21248
3.1766	0.21282
3.1785	0.21312
3.1805	0.21316
3.1824	0.21313
3.1844	0.21315
3.1863	0.21318
3.1883	0.21346
3.1902	0.21365
3.1922	0.21373
3.1942	0.21375
3.1961	0.21368
3.1981	0.21383
3.2001	0.21410
3.2021	0.21440
3.204	0.21428
3.206	0.21411
3.208	0.21443
3.21	0.21455
3.212	0.21461
3.214	0.21493
3.216	0.21511
3.218	0.21524
3.22	0.21540
3.222	0.21541
3.224	0.21547
3.226	0.21565
3.228	0.21543
3.23	0.21553
3.232	0.21579
3.234	0.21574
3.236	0.21559
3.2381	0.21574
3.2401	0.21597
3.2421	0.21607
3.2441	0.21622
3.2462	0.21644
3.2482	0.21645
3.2502	0.21625
3.2523	0.21639
3.2543	0.21656
3.2564	0.21671
3.2584	0.21710
3.2605	0.21711
3.2625	0.21724
3.2646	0.21745
3.2666	0.21735
3.2687	0.21740
3.2707	0.21753
3.2728	0.21756
3.2749	0.21770
3.277	0.21767
3.279	0.21759
3.2811	0.21776
3.2832	0.21803
3.2853	0.21831
3.2873	0.21843
3.2894	0.21834
3.2915	0.21829
3.2936	0.21841
3.2957	0.21853
3.2978	0.21875
3.2999	0.21902
3.302	0.21916
3.3041	0.21932
3.3062	0.21930
3.3083	0.21922
3.3104	0.21947
3.3125	0.21963
3.3147	0.21951
3.3168	0.21929
3.3189	0.21941
3.321	0.21977
3.3232	0.22000
3.3253	0.22025
3.3274	0.22044
3.3296	0.22047
3.3317	0.22046
3.3338	0.22071
3.336	0.22088
3.3381	0.22071
3.3403	0.22069
3.3424	0.22064
3.3446	0.22082
3.3468	0.22108
3.3489	0.22105
3.3511	0.22118
3.3533	0.22117
3.3554	0.22124
3.3576	0.22131
3.3598	0.22135
3.362	0.22132
3.3641	0.22156
3.3663	0.22169
3.3685	0.22177
3.3707	0.22198
3.3729	0.22208
3.3751	0.22209
3.3773	0.22227
3.3795	0.22249
3.3817	0.22271
3.3839	0.22293
3.3861	0.22304
3.3883	0.22319
3.3905	0.22343
3.3928	0.22345
3.395	0.22355
3.3972	0.22368
3.3994	0.22375
3.4017	0.22378
3.4039	0.22363
3.4061	0.22368
3.4084	0.22392
3.4106	0.22411
3.4129	0.22417
3.4151	0.22427
3.4174	0.22464
3.4196	0.22495
3.4219	0.22520
3.4241	0.22528
3.4264	0.22556
3.4287	0.22591
3.4309	0.22586
3.4332	0.22570
3.4355	0.22589
3.4378	0.22608
3.44	0.22619
3.4423	0.22634
3.4446	0.22627
3.4469	0.22629
3.4492	0.22654
3.4515	0.22673
3.4538	0.22677
3.4561	0.22693
3.4584	0.22712
3.4607	0.22703
3.463	0.22693
3.4653	0.22694
3.4676	0.22714
3.47	0.22728
3.4723	0.22722
3.4746	0.22741
3.477	0.22765
3.4793	0.22765
3.4816	0.22750
3.484	0.22758
3.4863	0.22786
3.4887	0.22798
3.491	0.22808
3.4934	0.22823
3.4957	0.22837
3.4981	0.22854
3.5004	0.22872
3.5028	0.22894
3.5052	0.22917
3.5075	0.22940
3.5099	0.22954
3.5123	0.22978
3.5147	0.22985
3.5171	0.22982
3.5194	0.22981
3.5218	0.22976
3.5242	0.22974
3.5266	0.22988
3.529	0.23016
3.5314	0.23029
3.5338	0.23026
3.5362	0.23042
3.5387	0.23066
3.5411	0.23089
3.5435	0.23103
3.5459	0.23106
3.5483	0.23099
3.5508	0.23094
3.5532	0.23112
3.5556	0.23133
3.5581	0.23139
3.5605	0.23157
3.563	0.23177
3.5654	0.23195
3.5679	0.23199
3.5703	0.23200
3.5728	0.23199
3.5753	0.23199
3.5777	0.23217
3.5802	0.23250
3.5827	0.23274
3.5852	0.23264
3.5876	0.23278
3.5901	0.23308
3.5926	0.23319
3.5951	0.23323
3.5976	0.23326
3.6001	0.23345
3.6026	0.23360
3.6051	0.23367
3.6076	0.23370
3.6101	0.23382
3.6126	0.23396
3.6152	0.23411
3.6177	0.23426
3.6202	0.23435
3.6227	0.23446
3.6253	0.23472
3.6278	0.23488
3.6303	0.23496
3.6329	0.23501
3.6354	0.23518
3.638	0.23536
3.6405	0.23536
3.6431	0.23546
3.6457	0.23565
3.6482	0.23574
3.6508	0.23591
3.6534	0.23582
3.6559	0.23567
3.6585	0.23592
3.6611	0.23628
3.6637	0.23634
3.6663	0.23649
3.6689	0.23669
3.6715	0.23655
3.6741	0.23655
3.6767	0.23667
3.6793	0.23689
3.6819	0.23716
3.6845	0.23714
3.6872	0.23707
3.6898	0.23718
3.6924	0.23728
3.695	0.23737
3.6977	0.23749
3.7003	0.23758
3.703	0.23767
3.7056	0.23782
3.7083	0.23794
3.7109	0.23806
3.7136	0.23807
3.7162	0.23804
3.7189	0.23815
3.7216	0.23816
3.7242	0.23824
3.7269	0.23849
3.7296	0.23846
3.7323	0.23852
3.735	0.23865
3.7377	0.23883
3.7404	0.23890
3.7431	0.23897
3.7458	0.23902
3.7485	0.23908
3.7512	0.23914
3.7539	0.23924
3.7566	0.23936
3.7593	0.23942
3.7621	0.23951
3.7648	0.23961
3.7675	0.23972
3.7703	0.23990
3.773	0.24006
3.7758	0.24014
3.7785	0.24009
3.7813	0.24018
3.784	0.24024
3.7868	0.24033
3.7896	0.24046
3.7923	0.24052
3.7951	0.24068
3.7979	0.24082
3.8007	0.24089
3.8035	0.24103
3.8063	0.24127
3.8091	0.24133
3.8119	0.24122
3.8147	0.24125
3.8175	0.24154
3.8203	0.24154
3.8231	0.24143
3.8259	0.24168
3.8288	0.24192
3.8316	0.24204
3.8344	0.24206
3.8373	0.24203
3.8401	0.24208
3.8429	0.24221
3.8458	0.24219
3.8487	0.24215
3.8515	0.24230
3.8544	0.24256
3.8572	0.24272
3.8601	0.24271
3.863	0.24272
3.8659	0.24281
3.8688	0.24286
3.8716	0.24296
3.8745	0.24322
3.8774	0.24331
3.8803	0.24329
3.8832	0.24345
3.8862	0.24349
3.8891	0.24342
3.892	0.24336
3.8949	0.24355
3.8978	0.24364
3.9008	0.24362
3.9037	0.24357
3.9067	0.24365
3.9096	0.24380
3.9126	0.24388
3.9155	0.24389
3.9185	0.24390
3.9214	0.24377
3.9244	0.24387
3.9274	0.24393
3.9304	0.24394
3.9333	0.24395
3.9363	0.24395
3.9393	0.24389
3.9423	0.24388
3.9453	0.24400
3.9483	0.24406
3.9513	0.24403
3.9543	0.24410
3.9574	0.24416
3.9604	0.24408
3.9634	0.24385
3.9664	0.24389
3.9695	0.24410
3.9725	0.24424
3.9756	0.24420
3.9786	0.24411
3.9817	0.24407
3.9847	0.24414
3.9878	0.24412
3.9909	0.24409
3.9939	0.24412
3.997	0.24420
4.0001	0.24417
4.0032	0.24416
4.0063	0.24414
4.0094	0.24421
4.0125	0.24424
4.0156	0.24423
4.0187	0.24425
4.0218	0.24444
4.0249	0.24453
4.0281	0.24440
4.0312	0.24438
4.0343	0.24434
4.0375	0.24430
4.0406	0.24429
4.0438	0.24429
4.0469	0.24429
4.0501	0.24426
4.0533	0.24436
4.0564	0.24425
4.0596	0.24430
4.0628	0.24441
4.066	0.24440
4.0692	0.24439
4.0724	0.24431
4.0756	0.24425
4.0788	0.24426
4.082	0.24428
4.0852	0.24434
4.0884	0.24429
4.0917	0.24422
4.0949	0.24413
4.0981	0.24407
4.1014	0.24409
4.1046	0.24410
4.1079	0.24402
4.1111	0.24388
4.1144	0.24379
4.1177	0.24383
4.1209	0.24387
4.1242	0.24379
4.1275	0.24376
4.1308	0.24376
4.1341	0.24361
4.1374	0.24357
4.1407	0.24363
4.144	0.24370
4.1473	0.24366
4.1506	0.24363
4.154	0.24353
4.1573	0.24343
4.1606	0.24338
4.164	0.24347
4.1673	0.24337
4.1707	0.24328
4.174	0.24324
4.1774	0.24321
4.1808	0.24314
4.1841	0.24318
4.1875	0.24310
4.1909	0.24304
4.1943	0.24285
4.1977	0.24273
4.2011	0.24278
4.2045	0.24284
4.2079	0.24286
4.2113	0.24275
4.2147	0.24255
4.2182	0.24245
4.2216	0.24246
4.225	0.24258
4.2285	0.24247
4.2319	0.24235
4.2354	0.24225
4.2389	0.24214
4.2423	0.24202
4.2458	0.24204
4.2493	0.24196
4.2528	0.24183
4.2563	0.24167
4.2598	0.24151
4.2633	0.24150
4.2668	0.24145
4.2703	0.24138
4.2738	0.24115
4.2773	0.24096
4.2809	0.24109
4.2844	0.24101
4.288	0.24079
4.2915	0.24062
4.2951	0.24065
4.2986	0.24056
4.3022	0.24038
4.3058	0.24026
4.3093	0.24005
4.3129	0.23988
4.3165	0.23983
4.3201	0.23968
4.3237	0.23945
4.3273	0.23926
4.3309	0.23934
4.3346	0.23927
4.3382	0.23907
4.3418	0.23892
4.3455	0.23882
4.3491	0.23864
4.3528	0.23840
4.3564	0.23819
4.3601	0.23804
4.3638	0.23800
4.3674	0.23793
4.3711	0.23770
4.3748	0.23749
4.3785	0.23733
4.3822	0.23722
4.3859	0.23711
4.3896	0.23691
4.3933	0.23668
4.3971	0.23654
4.4008	0.23643
4.4045	0.23620
4.4083	0.23590
4.412	0.23589
4.4158	0.23578
4.4196	0.23561
4.4233	0.23555
4.4271	0.23553
4.4309	0.23534
4.4347	0.23509
4.4385	0.23491
4.4423	0.23475
4.4461	0.23464
4.4499	0.23456
4.4537	0.23427
4.4576	0.23405
4.4614	0.23392
4.4652	0.23376
4.4691	0.23357
4.4729	0.23356
4.4768	0.23338
4.4807	0.23316
4.4845	0.23291
4.4884	0.23268
4.4923	0.23253
4.4962	0.23246
4.5001	0.23232
4.504	0.23205
4.5079	0.23171
4.5119	0.23140
4.5158	0.23117
4.5197	0.23103
4.5237	0.23079
4.5276	0.23058
4.5316	0.23026
4.5356	0.22998
4.5395	0.22964
4.5435	0.22933
4.5475	0.22907
4.5515	0.22881
4.5555	0.22848
4.5595	0.22814
4.5635	0.22778
4.5675	0.22748
4.5715	0.22704
4.5756	0.22667
4.5796	0.22636
4.5837	0.22601
4.5877	0.22556
4.5918	0.22510
4.5959	0.22467
4.5999	0.22426
4.604	0.22374
4.6081	0.22330
4.6122	0.22290
4.6163	0.22257
4.6204	0.22210
4.6246	0.22160
4.6287	0.22106
4.6328	0.22047
4.637	0.21997
4.6411	0.21950
4.6453	0.21891
4.6494	0.21833
4.6536	0.21776
4.6578	0.21720
4.662	0.21667
4.6662	0.21625
4.6704	0.21578
4.6746	0.21524
4.6788	0.21460
4.683	0.21405
4.6873	0.21351
4.6915	0.21298
4.6958	0.21241
4.7	0.21177
4.7043	0.21112
4.7086	0.21058
4.7129	0.20998
4.7171	0.20945
4.7214	0.20897
4.7257	0.20836
4.7301	0.20769
4.7344	0.20705
4.7387	0.20644
4.743	0.20583
4.7474	0.20527
4.7517	0.20468
4.7561	0.20398
4.7605	0.20334
4.7648	0.20280
4.7692	0.20228
4.7736	0.20171
4.778	0.20109
4.7824	0.20047
4.7868	0.19995
4.7913	0.19935
4.7957	0.19872
4.8001	0.19818
4.8046	0.19764
4.809	0.19699
4.8135	0.19640
4.818	0.19578
4.8225	0.19525
4.8269	0.19470
4.8314	0.19402
4.8359	0.19341
4.8405	0.19287
4.845	0.19212
4.8495	0.19143
4.8541	0.19081
4.8586	0.19010
4.8632	0.18938
4.8677	0.18868
4.8723	0.18799
4.8769	0.18739
4.8815	0.18674
4.8861	0.18597
4.8907	0.18521
4.8953	0.18449
4.8999	0.18378
4.9046	0.18315
4.9092	0.18246
4.9139	0.18162
4.9185	0.18082
4.9232	0.18011
4.9279	0.17933
4.9326	0.17851
4.9373	0.17772
4.942	0.17693
4.9467	0.17611
4.9514	0.17546
4.9562	0.17471
4.9609	0.17386
4.9656	0.17309
4.9704	0.17241
4.9752	0.17175
4.98	0.17113
4.9847	0.17044
4.9895	0.16977
4.9943	0.16909
4.9992	0.16837
5.004	0.16775
5.0088	0.16718
5.0137	0.16659
5.0185	0.16594
5.0234	0.16526
5.0283	0.16467
5.0331	0.16408
5.038	0.16357
5.0429	0.16300
5.0478	0.16229
5.0528	0.16170
5.0577	0.16110
5.0626	0.16038
5.0676	0.15986
5.0725	0.15939
5.0775	0.15904
5.0825	0.15856
5.0875	0.15796
5.0925	0.15750
5.0975	0.15718
5.1025	0.15683
5.1075	0.15641
5.1126	0.15598
5.1176	0.15549
5.1227	0.15496
5.1277	0.15457
5.1328	0.15422
5.1379	0.15386
5.143	0.15338
5.1481	0.15288
5.1532	0.15247
5.1583	0.15202
5.1635	0.15159
5.1686	0.15122
5.1738	0.15071
5.179	0.15024
5.1841	0.14980
5.1893	0.14929
5.1945	0.14878
5.1997	0.14836
5.205	0.14794
5.2102	0.14747
5.2154	0.14708
5.2207	0.14661
5.2259	0.14604
5.2312	0.14554
5.2365	0.14506
5.2418	0.14448
5.2471	0.14390
5.2524	0.14333
5.2577	0.14284
5.2631	0.14241
5.2684	0.14196
5.2738	0.14150
5.2792	0.14093
5.2845	0.14049
5.2899	0.14022
5.2953	0.14006
5.3008	0.13983
5.3062	0.13956
5.3116	0.13942
5.3171	0.13924
5.3225	0.13903
5.328	0.13898
5.3335	0.13896
5.339	0.13887
5.3445	0.13884
5.35	0.13884
5.3555	0.13880
5.361	0.13885
5.3666	0.13893
5.3722	0.13907
5.3777	0.13928
5.3833	0.13935
5.3889	0.13936
5.3945	0.13955
5.4001	0.13973
5.4058	0.13981
5.4114	0.13977
5.4171	0.13975
5.4227	0.13974
5.4284	0.13985
5.4341	0.13988
5.4398	0.13977
5.4455	0.13971
5.4512	0.13971
5.457	0.13970
5.4627	0.13969
5.4685	0.13971
5.4743	0.13965
5.4801	0.13957
5.4859	0.13965
5.4917	0.13962
5.4975	0.13962
5.5033	0.13958
5.5092	0.13957
5.515	0.13950
5.5209	0.13952
5.5268	0.13954
5.5327	0.13945
5.5386	0.13942
5.5445	0.13926
5.5505	0.13897
5.5564	0.13875
5.5624	0.13853
5.5684	0.13836
5.5743	0.13809
5.5803	0.13773
5.5864	0.13735
5.5924	0.13705
5.5984	0.13675
5.6045	0.13630
5.6105	0.13575
5.6166	0.13530
5.6227	0.13499
5.6288	0.13465
5.6349	0.13417
5.6411	0.13371
5.6472	0.13329
5.6534	0.13295
5.6595	0.13262
5.6657	0.13237
5.6719	0.13205
5.6781	0.13181
5.6844	0.13158
5.6906	0.13141
5.6969	0.13133
5.7031	0.13135
5.7094	0.13117
5.7157	0.13102
5.722	0.13096
5.7283	0.13090
5.7347	0.13069
5.741	0.13048
5.7474	0.13026
5.7538	0.12999
5.7601	0.12969
5.7666	0.12930
5.773	0.12899
5.7794	0.12866
5.7859	0.12823
5.7923	0.12780
5.7988	0.12741
5.8053	0.12702
5.8118	0.12653
5.8183	0.12615
5.8249	0.12575
5.8314	0.12532
5.838	0.12490
5.8446	0.12447
5.8512	0.12406
5.8578	0.12374
5.8644	0.12335
5.871	0.12289
5.8777	0.12237
5.8844	0.12184
5.8911	0.12136
5.8978	0.12087
5.9045	0.12039
5.9112	0.11985
5.918	0.11942
5.9247	0.11895
5.9315	0.11836
5.9383	0.11769
5.9451	0.11703
5.9519	0.11650
5.9588	0.11597
5.9656	0.11544
5.9725	0.11485
5.9794	0.11430
5.9863	0.11370
5.9932	0.11316
6.0002	0.11271
6.0071	0.11222
6.0141	0.11171
6.0211	0.11141
6.0281	0.11112
6.0351	0.11080
6.0421	0.11046
6.0492	0.11016
6.0562	0.10999
6.0633	0.10986
6.0704	0.10970
6.0775	0.10952
6.0847	0.10945
6.0918	0.10945
6.099	0.10931
6.1062	0.10915
6.1134	0.10899
6.1206	0.10882
6.1278	0.10862
6.1351	0.10852
6.1423	0.10839
6.1496	0.10825
6.1569	0.10806
6.1643	0.10786
6.1716	0.10775
6.1789	0.10765
6.1863	0.10749
6.1937	0.10743
6.2011	0.10738
6.2085	0.10726
6.216	0.10716
6.2235	0.10712
6.2309	0.10705
6.2384	0.10700
6.2459	0.10693
6.2535	0.10691
6.261	0.10690
6.2686	0.10688
6.2762	0.10689
6.2838	0.10684
6.2914	0.10675
6.2991	0.10676
6.3067	0.10682
6.3144	0.10687
6.3221	0.10690
6.3298	0.10692
6.3376	0.10685
6.3453	0.10677
6.3531	0.10686
6.3609	0.10689
6.3687	0.10684
6.3765	0.10685
6.3844	0.10682
6.3923	0.10684
6.4002	0.10694
6.4081	0.10693
6.416	0.10676
6.424	0.10668
6.4319	0.10661
6.4399	0.10653
6.4479	0.10647
6.456	0.10640
6.464	0.10632
6.4721	0.10629
6.4802	0.10626
6.4883	0.10612
6.4964	0.10594
6.5046	0.10594
6.5127	0.10597
6.5209	0.10588
6.5291	0.10591
6.5374	0.10603
6.5456	0.10602
6.5539	0.10596
6.5622	0.10602
6.5705	0.10609
6.5789	0.10606
6.5872	0.10603
6.5956	0.10603
6.604	0.10608
6.6124	0.10607
6.6209	0.10604
6.6293	0.10608
6.6378	0.10607
6.6463	0.10614
6.6549	0.10625
6.6634	0.10624
6.672	0.10620
6.6806	0.10625
6.6892	0.10631
6.6978	0.10636
6.7065	0.10639
6.7152	0.10645
6.7239	0.10653
6.7326	0.10661
6.7414	0.10669
6.7502	0.10669
6.759	0.10673
6.7678	0.10674
6.7766	0.10666
6.7855	0.10657
6.7944	0.10653
6.8033	0.10641
6.8123	0.10638
6.8212	0.10640
6.8302	0.10625
6.8392	0.10602
6.8483	0.10583
6.8573	0.10566
6.8664	0.10545
6.8755	0.10534
6.8846	0.10521
6.8938	0.10502
6.903	0.10481
6.9122	0.10460
6.9214	0.10432
6.9307	0.10403
6.9399	0.10375
6.9492	0.10342
6.9586	0.10305
6.9679	0.10269
6.9773	0.10230
6.9867	0.10197
6.9961	0.10166
7.0056	0.10131
7.0151	0.10100
7.0246	0.10070
7.0341	0.10044
7.0437	0.10017
7.0532	0.09982
7.0629	0.09944
7.0725	0.09919
7.0822	0.09890
7.0918	0.09848
7.1016	0.09808
7.1113	0.09776
7.1211	0.09749
7.1309	0.09719
7.1407	0.09687
7.1505	0.09655
7.1604	0.09621
7.1703	0.09588
7.1802	0.09554
7.1902	0.09512
7.2002	0.09479
7.2102	0.09450
7.2202	0.09411
7.2303	0.09372
7.2404	0.09332
7.2505	0.09290
7.2607	0.09243
7.2709	0.09201
7.2811	0.09159
7.2913	0.09123
7.3016	0.09079
7.3119	0.09034
7.3222	0.08986
7.3326	0.08937
7.343	0.08895
7.3534	0.08850
7.3638	0.08806
7.3743	0.08761
7.3848	0.08703
7.3953	0.08648
7.4059	0.08599
7.4165	0.08548
7.4271	0.08483
7.4378	0.08424
7.4485	0.08368
7.4592	0.08309
7.4699	0.08249
7.4807	0.08192
7.4915	0.08132
7.5024	0.08070
7.5132	0.08008
7.5241	0.07952
7.5351	0.07892
7.546	0.07827
7.557	0.07758
7.5681	0.07697
7.5791	0.07639
7.5902	0.07575
7.6014	0.07509
7.6125	0.07451
7.6237	0.07389
7.635	0.07329
7.6462	0.07260
7.6575	0.07183
7.6688	0.07115
7.6802	0.07048
7.6916	0.06976
7.703	0.06899
7.7145	0.06824
7.726	0.06757
7.7375	0.06676
7.7491	0.06593
7.7607	0.06513
7.7723	0.06440
7.784	0.06365
7.7957	0.06283
7.8074	0.06194
7.8192	0.06108
7.831	0.06022
7.8429	0.05936
7.8548	0.05847
7.8667	0.05762
7.8786	0.05680
7.8906	0.05594
7.9026	0.05495
7.9147	0.05396
7.9268	0.05300
7.939	0.05206
7.9511	0.05098
7.9633	0.04990
7.9756	0.04887
7.9879	0.04781
8.0002	0.04671
8.0126	0.04568
8.025	0.04460
8.0374	0.04353
8.0499	0.04253
8.0624	0.04159
8.075	0.04067
8.0876	0.03977
8.1002	0.03883
8.1129	0.03792
8.1256	0.03714
8.1384	0.03644
8.1512	0.03574
8.164	0.03505
8.1769	0.03441
8.1898	0.03389
8.2027	0.03331
8.2157	0.03283
8.2288	0.03237
8.2419	0.03204
8.255	0.03174
8.2682	0.03148
8.2814	0.03115
8.2946	0.03078
8.3079	0.03048
8.3212	0.03023
8.3346	0.02999
8.348	0.02972
8.3615	0.02943
8.375	0.02921
8.3886	0.02906
8.4022	0.02902
8.4158	0.02903
8.4295	0.02916
8.4432	0.02936
8.457	0.02956
8.4708	0.02966
8.4847	0.02985
8.4986	0.03000
8.5125	0.03008
8.5265	0.03021
8.5406	0.03032
8.5547	0.03040
8.5688	0.03053
8.583	0.03073
8.5972	0.03094
8.6115	0.03110
8.6258	0.03134
8.6402	0.03169
8.6546	0.03212
8.6691	0.03255
8.6836	0.03300
8.6982	0.03356
8.7128	0.03416
8.7275	0.03477
8.7422	0.03553
8.757	0.03643
8.7718	0.03721
8.7867	0.03808
8.8016	0.03903
8.8166	0.03983
8.8316	0.04064
8.8466	0.04156
8.8618	0.04244
8.8769	0.04313
8.8922	0.04387
8.9074	0.04460
8.9228	0.04538
8.9382	0.04607
8.9536	0.04675
8.9691	0.04744
8.9846	0.04806
9.0002	0.04860
9.0159	0.04918
9.0316	0.04965
9.0474	0.04994
9.0632	0.05033
9.079	0.05072
9.095	0.05090
9.111	0.05102
9.127	0.05121
9.1431	0.05135
9.1593	0.05130
9.1755	0.05138
9.1917	0.05154
9.2081	0.05152
9.2244	0.05143
9.2409	0.05138
9.2574	0.05138
9.2739	0.05140
9.2906	0.05135
9.3072	0.05130
9.324	0.05121
9.3408	0.05117
9.3576	0.05116
9.3746	0.05120
9.3915	0.05116
9.4086	0.05106
9.4257	0.05105
9.4429	0.05110
9.4601	0.05115
9.4774	0.05123
9.4948	0.05131
9.5122	0.05136
9.5297	0.05145
9.5472	0.05162
9.5648	0.05183
9.5825	0.05206
9.6003	0.05224
9.6181	0.05237
9.6359	0.05251
9.6539	0.05262
9.6719	0.05270
9.69	0.05284
9.7081	0.05295
9.7263	0.05304
9.7446	0.05318
9.763	0.05330
9.7814	0.05338
9.7999	0.05346
9.8184	0.05348
9.8371	0.05348
9.8558	0.05357
9.8745	0.05369
9.8934	0.05380
9.9123	0.05386
9.9313	0.05395
9.9504	0.05403
9.9695	0.05405
9.9887	0.05410
10.008	0.05417
10.0273	0.05423
10.0468	0.05416
10.0663	0.05409
10.0859	0.05412
10.1055	0.05411
10.1253	0.05408
10.1451	0.05411
10.165	0.05415
10.1849	0.05422
10.205	0.05433
10.2251	0.05454
10.2453	0.05495
10.2656	0.05547
10.286	0.05605
10.3064	0.05668
10.327	0.05731
10.3476	0.05792
10.3683	0.05853
10.389	0.05896
10.4099	0.05925
10.4309	0.05967
10.4519	0.05980
10.473	0.05970
10.4942	0.05973
10.5155	0.05983
10.5369	0.05993
10.5583	0.06015
10.5799	0.06056
10.6015	0.06098
10.6232	0.06133
10.645	0.06178
10.6669	0.06215
10.6889	0.06237
10.711	0.06253
10.7332	0.06273
10.7555	0.06285
10.7778	0.06281
10.8003	0.06276
10.8228	0.06269
10.8455	0.06256
10.8682	0.06243
10.891	0.06216
10.914	0.06189
10.937	0.06160
10.9601	0.06133
10.9833	0.06099
11.0067	0.06073
11.0301	0.06058
11.0536	0.06036
11.0772	0.06021
11.1009	0.06012
11.1248	0.06004
11.1487	0.05996
11.1727	0.05980
11.1968	0.05968
11.2211	0.05963
11.2454	0.05951
11.2699	0.05925
11.2944	0.05909
11.3191	0.05889
11.3438	0.05852
11.3687	0.05811
11.3937	0.05775
11.4188	0.05730
11.444	0.05685
11.4693	0.05626
11.4948	0.05556
11.5203	0.05480
11.546	0.05406
11.5717	0.05334
11.5976	0.05261
11.6236	0.05183
11.6497	0.05108
11.676	0.05033
11.7023	0.04956
11.7288	0.04870
11.7554	0.04797
11.7821	0.04746
11.809	0.04683
11.8359	0.04620
11.863	0.04563
11.8902	0.04505
11.9176	0.04463
11.945	0.04435
11.9726	0.04426
12.0003	0.04408
12.0282	0.04376
12.0561	0.04335
12.0842	0.04312
12.1125	0.04286
12.1408	0.04259
12.1693	0.04223
12.198	0.04185
12.2267	0.04144
12.2556	0.04114
12.2847	0.04091
12.3139	0.04044
12.3432	0.03995
12.3726	0.03961
12.4022	0.03934
12.432	0.03910
12.4619	0.03879
12.4919	0.03838
12.5221	0.03799
12.5524	0.03761
12.5829	0.03721
12.6135	0.03690
12.6442	0.03649
12.6751	0.03618
12.7062	0.03593
12.7374	0.03565
12.7688	0.03531
12.8003	0.03491
12.832	0.03463
12.8639	0.03447
12.8959	0.03435
12.928	0.03435
12.9603	0.03434
12.9928	0.03430
13.0255	0.03431
13.0583	0.03428
13.0913	0.03426
13.1244	0.03434
13.1577	0.03440
13.1912	0.03453
13.2248	0.03467
13.2587	0.03478
13.2927	0.03482
13.3268	0.03481
13.3612	0.03483
13.3957	0.03488
13.4304	0.03496
13.4653	0.03498
13.5004	0.03490
13.5356	0.03507
13.571	0.03511
13.6067	0.03505
13.6425	0.03516
13.6785	0.03532
13.7146	0.03547
13.751	0.03564
13.7876	0.03584
13.8244	0.03608
13.8613	0.03621
13.8985	0.03627
13.9358	0.03623
13.9734	0.03621
14.0112	0.03612
14.0491	0.03609
14.0873	0.03620
14.1257	0.03604
14.1643	0.03584
14.2031	0.03566
14.2421	0.03548
14.2814	0.03556
14.3208	0.03567
14.3605	0.03540
14.4004	0.03512
14.4405	0.03510
14.4808	0.03506
14.5214	0.03490
14.5622	0.03487
14.6032	0.03480
14.6444	0.03461
14.6859	0.03444
14.7277	0.03419
14.7696	0.03398
14.8118	0.03394
14.8543	0.03400
14.8969	0.03400
14.9399	0.03392
14.983	0.03393
15.0265	0.03373
15.0702	0.03373
15.1141	0.03396
15.1583	0.03379
15.2027	0.03355
15.2475	0.03360
15.2924	0.03378
15.3377	0.03399
15.3832	0.03425
15.429	0.03478
15.475	0.03555
15.5214	0.03618
15.568	0.03692
15.6149	0.03767
15.662	0.03831
15.7095	0.03869
15.7572	0.03916
15.8053	0.03969
15.8536	0.04007
15.9023	0.04038
15.9512	0.04067
16.0004	0.04071
16.05	0.04086
16.0998	0.04103
16.15	0.04128
16.2004	0.04144
16.2512	0.04135
16.3023	0.04145
16.3537	0.04200
16.4055	0.04256
16.4576	0.04302
16.51	0.04360
16.5627	0.04420
16.6158	0.04478
16.6692	0.04532
16.723	0.04594
16.7771	0.04669
16.8316	0.04738
16.8864	0.04822
16.9416	0.04914
16.9972	0.05008
17.0531	0.05076
17.1094	0.05149
17.166	0.05232
17.223	0.05308
17.2805	0.05388
17.3382	0.05466
17.3964	0.05518
17.455	0.05615
17.514	0.05738
17.5733	0.05854
17.6331	0.05971
17.6933	0.06088
17.7539	0.06171
17.8149	0.06223
17.8763	0.06275
17.9382	0.06348
18.0005	0.06419
18.0632	0.06496
18.1263	0.06609
18.1899	0.06707
18.254	0.06814
18.3185	0.06937
18.3835	0.07054
18.4489	0.07145
18.5148	0.07266
18.5811	0.07381
18.648	0.07443
18.7153	0.07478
18.7831	0.07514
18.8514	0.07569
18.9202	0.07610
18.9895	0.07659
19.0593	0.07714
19.1297	0.07759
19.2005	0.07814
19.2719	0.07864
19.3438	0.07912
19.4162	0.07934
19.4892	0.07963
19.5628	0.07992
19.6369	0.07996
19.7115	0.07956
19.7868	0.07937
19.8626	0.07959
19.939	0.07968
20.016	0.07910
20.0935	0.07851
20.1717	0.07801
20.2505	0.07736
20.3299	0.07699
20.41	0.07694
20.4907	0.07668
20.572	0.07655
20.6539	0.07639
20.7365	0.07611
20.8198	0.07602
20.9038	0.07569
20.9884	0.07472
21.0737	0.07419
21.1597	0.07347
21.2465	0.07310
21.3339	0.07283
21.422	0.07196
21.5109	0.07106
21.6006	0.07062
21.6909	0.07008
21.7821	0.06944
21.874	0.06844
21.9667	0.06716
22.0601	0.06687
22.1544	0.06677
22.2495	0.06622
22.3454	0.06548
22.4421	0.06488
22.5397	0.06423
22.6381	0.06401
22.7374	0.06413
22.8376	0.06433
22.9387	0.06509
23.0406	0.06546
23.1435	0.06547
23.2472	0.06604
23.352	0.06687
23.4576	0.06797
23.5643	0.06867
23.6718	0.06821
23.7804	0.06883
23.89	0.06991
24.0006	0.07033
24.1123	0.06986
24.2249	0.07049
24.3387	0.07144
24.4535	0.07160
24.5694	0.07196
24.6864	0.07221
24.8045	0.07212
24.9237	0.07159
25.0441	0.07165
25.1657	0.07146
25.2885	0.07027
25.4124	0.07140
25.5376	0.07423
25.664	0.07379
25.7917	0.07025
25.9207	0.06958
